<svg xmlns="http://www.w3.org/2000/svg" version="1.1" width="12.5in" height="6.5in" viewBox = " 0 0 1125 585" >
<!-- Front--> 
<g transform="translate(22.5, 22.5) " > 
<polygon style="stroke:#000000; fill:none; stroke-width:0.45" points="21.24, 0 45.45, 0 45.45, 21.24 62.730000000000004, 21.24 62.730000000000004, 26.999999999999996 56.52, 26.999999999999996 56.52, 36.18 62.730000000000004, 36.18 62.730000000000004, 45.36 73.17, 45.36 73.17, 36.18 79.38, 36.18 79.38, 26.999999999999996 73.17, 26.999999999999996 73.17, 21.24 90, 21.24 90, 0 126.45, 0 126.45, 21.24 162, 21.24 162, 0 198.45, 0 198.45, 21.24 234, 21.24 234, 0 270.45, 0 270.45, 21.24 287.72999999999996, 21.24 287.72999999999996, 26.999999999999996 281.52, 26.999999999999996 281.52, 36.18 287.72999999999996, 36.18 287.72999999999996, 45.36 298.17, 45.36 298.17, 36.18 304.38, 36.18 304.38, 26.999999999999996 298.17, 26.999999999999996 298.17, 21.24 315, 21.24 315, 0 339.21, 0 339.21, 36.45 360.45, 36.45 360.45, 72 339.21, 72 339.21, 85.23 333.45, 85.23 333.45, 79.02000000000001 324.27, 79.02000000000001 324.27, 85.23 315.09, 85.23 315.09, 95.67 324.27, 95.67 324.27, 101.88 333.45, 101.88 333.45, 95.67 339.21, 95.67 339.21, 108.45 360.45, 108.45 360.45, 144 339.21, 144 339.21, 180.45 315, 180.45 315, 159.20999999999998 298.17, 159.20999999999998 298.17, 153.45 304.38, 153.45 304.38, 144.26999999999998 298.17, 144.26999999999998 298.17, 135.08999999999997 287.72999999999996, 135.08999999999997 287.72999999999996, 144.26999999999998 281.52, 144.26999999999998 281.52, 153.45 287.72999999999996, 153.45 287.72999999999996, 159.20999999999998 270.45, 159.20999999999998 270.45, 180.45 234, 180.45 234, 159.20999999999998 198.45, 159.20999999999998 198.45, 180.45 162, 180.45 162, 159.20999999999998 126.45, 159.20999999999998 126.45, 180.45 90, 180.45 90, 159.20999999999998 73.17, 159.20999999999998 73.17, 153.45 79.38, 153.45 79.38, 144.26999999999998 73.17, 144.26999999999998 73.17, 135.08999999999997 62.730000000000004, 135.08999999999997 62.730000000000004, 144.26999999999998 56.52, 144.26999999999998 56.52, 153.45 62.730000000000004, 153.45 62.730000000000004, 159.20999999999998 45.45, 159.20999999999998 45.45, 180.45 21.24, 180.45 21.24, 144 0, 144 0, 108.45 21.24, 108.45 21.24, 95.67 26.999999999999996, 95.67 26.999999999999996, 101.88 36.18, 101.88 36.18, 95.67 45.36, 95.67 45.36, 85.23 36.18, 85.23 36.18, 79.02000000000001 26.999999999999996, 79.02000000000001 26.999999999999996, 85.23 21.24, 85.23 21.24, 72 0, 72 0, 36.45 21.24, 36.45 "/> 
</g>
<!-- Back--> 
<g transform="translate(382.95, 22.5) " > 
<polygon style="stroke:#000000; fill:none; stroke-width:0.45" points="21.24, 0 45.45, 0 45.45, 21.24 62.730000000000004, 21.24 62.730000000000004, 26.999999999999996 56.52, 26.999999999999996 56.52, 36.18 62.730000000000004, 36.18 62.730000000000004, 45.36 73.17, 45.36 73.17, 36.18 79.38, 36.18 79.38, 26.999999999999996 73.17, 26.999999999999996 73.17, 21.24 90, 21.24 90, 0 126.45, 0 126.45, 21.24 162, 21.24 162, 0 198.45, 0 198.45, 21.24 234, 21.24 234, 0 270.45, 0 270.45, 21.24 287.72999999999996, 21.24 287.72999999999996, 26.999999999999996 281.52, 26.999999999999996 281.52, 36.18 287.72999999999996, 36.18 287.72999999999996, 45.36 298.17, 45.36 298.17, 36.18 304.38, 36.18 304.38, 26.999999999999996 298.17, 26.999999999999996 298.17, 21.24 315, 21.24 315, 0 339.21, 0 339.21, 36.45 360.45, 36.45 360.45, 72 339.21, 72 339.21, 85.23 333.45, 85.23 333.45, 79.02000000000001 324.27, 79.02000000000001 324.27, 85.23 315.09, 85.23 315.09, 95.67 324.27, 95.67 324.27, 101.88 333.45, 101.88 333.45, 95.67 339.21, 95.67 339.21, 108.45 360.45, 108.45 360.45, 144 339.21, 144 339.21, 180.45 315, 180.45 315, 159.20999999999998 298.17, 159.20999999999998 298.17, 153.45 304.38, 153.45 304.38, 144.26999999999998 298.17, 144.26999999999998 298.17, 135.08999999999997 287.72999999999996, 135.08999999999997 287.72999999999996, 144.26999999999998 281.52, 144.26999999999998 281.52, 153.45 287.72999999999996, 153.45 287.72999999999996, 159.20999999999998 270.45, 159.20999999999998 270.45, 180.45 234, 180.45 234, 159.20999999999998 198.45, 159.20999999999998 198.45, 180.45 162, 180.45 162, 159.20999999999998 126.45, 159.20999999999998 126.45, 180.45 90, 180.45 90, 159.20999999999998 73.17, 159.20999999999998 73.17, 153.45 79.38, 153.45 79.38, 144.26999999999998 73.17, 144.26999999999998 73.17, 135.08999999999997 62.730000000000004, 135.08999999999997 62.730000000000004, 144.26999999999998 56.52, 144.26999999999998 56.52, 153.45 62.730000000000004, 153.45 62.730000000000004, 159.20999999999998 45.45, 159.20999999999998 45.45, 180.45 21.24, 180.45 21.24, 144 0, 144 0, 108.45 21.24, 108.45 21.24, 95.67 26.999999999999996, 95.67 26.999999999999996, 101.88 36.18, 101.88 36.18, 95.67 45.36, 95.67 45.36, 85.23 36.18, 85.23 36.18, 79.02000000000001 26.999999999999996, 79.02000000000001 26.999999999999996, 85.23 21.24, 85.23 21.24, 72 0, 72 0, 36.45 21.24, 36.45 "/> 
</g>
<!-- Left--> 
<g transform="translate(743.4, 22.5) " > 
<polygon style="stroke:#000000; fill:none; stroke-width:0.45" points="0, 21.24 45, 21.24 45, 0 60.93, 0 60.93, 13.139999999999999 74.07, 13.139999999999999 74.07, 0 90.45, 0 90.45, 21.24 126, 21.24 126, 0 162.45, 0 162.45, 21.24 198, 21.24 198, 0 234.45, 0 234.45, 21.24 270, 21.24 270, 0 285.93, 0 285.93, 13.139999999999999 299.07, 13.139999999999999 299.07, 0 315.45, 0 315.45, 21.24 360.45, 21.24 360.45, 36 339.21, 36 339.21, 72.45 360.45, 72.45 360.45, 83.43 347.31, 83.43 347.31, 96.57 360.45, 96.57 360.45, 108 339.21, 108 339.21, 144.45 360.45, 144.45 360.45, 159.20999999999998 315.45, 159.20999999999998 315.45, 180.45 299.07, 180.45 299.07, 167.31 285.93, 167.31 285.93, 180.45 270, 180.45 270, 159.20999999999998 234.45, 159.20999999999998 234.45, 180.45 198, 180.45 198, 159.20999999999998 162.45, 159.20999999999998 162.45, 180.45 126, 180.45 126, 159.20999999999998 90.45, 159.20999999999998 90.45, 180.45 74.07, 180.45 74.07, 167.31 60.93, 167.31 60.93, 180.45 45, 180.45 45, 159.20999999999998 0, 159.20999999999998 0, 144.45 21.24, 144.45 21.24, 108 0, 108 0, 96.57 13.139999999999999, 96.57 13.139999999999999, 83.43 0, 83.43 0, 72.45 21.24, 72.45 21.24, 36 0, 36 "/> 
</g>
<!-- Right--> 
<g transform="translate(743.4, 202.95) " > 
<polygon style="stroke:#000000; fill:none; stroke-width:0.45" points="0, 21.24 45, 21.24 45, 0 60.93, 0 60.93, 13.139999999999999 74.07, 13.139999999999999 74.07, 0 90.45, 0 90.45, 21.24 126, 21.24 126, 0 162.45, 0 162.45, 21.24 198, 21.24 198, 0 234.45, 0 234.45, 21.24 270, 21.24 270, 0 285.93, 0 285.93, 13.139999999999999 299.07, 13.139999999999999 299.07, 0 315.45, 0 315.45, 21.24 360.45, 21.24 360.45, 36 339.21, 36 339.21, 72.45 360.45, 72.45 360.45, 83.43 347.31, 83.43 347.31, 96.57 360.45, 96.57 360.45, 108 339.21, 108 339.21, 144.45 360.45, 144.45 360.45, 159.20999999999998 315.45, 159.20999999999998 315.45, 180.45 299.07, 180.45 299.07, 167.31 285.93, 167.31 285.93, 180.45 270, 180.45 270, 159.20999999999998 234.45, 159.20999999999998 234.45, 180.45 198, 180.45 198, 159.20999999999998 162.45, 159.20999999999998 162.45, 180.45 126, 180.45 126, 159.20999999999998 90.45, 159.20999999999998 90.45, 180.45 74.07, 180.45 74.07, 167.31 60.93, 167.31 60.93, 180.45 45, 180.45 45, 159.20999999999998 0, 159.20999999999998 0, 144.45 21.24, 144.45 21.24, 108 0, 108 0, 96.57 13.139999999999999, 96.57 13.139999999999999, 83.43 0, 83.43 0, 72.45 21.24, 72.45 21.24, 36 0, 36 "/> 
</g>
<!-- Top--> 
<g transform="translate(22.5, 202.95) " > 
<polygon style="stroke:#000000; fill:none; stroke-width:0.45" points="0, 21.24 45, 21.24 45, 0 60.93, 0 60.93, 13.139999999999999 74.07, 13.139999999999999 74.07, 0 90.45, 0 90.45, 21.24 126, 21.24 126, 0 162.45, 0 162.45, 21.24 198, 21.24 198, 0 234.45, 0 234.45, 21.24 270, 21.24 270, 0 285.93, 0 285.93, 13.139999999999999 299.07, 13.139999999999999 299.07, 0 315.45, 0 315.45, 21.24 360.45, 21.24 360.45, 45.45 339.21, 45.45 339.21, 62.730000000000004 333.45, 62.730000000000004 333.45, 56.52 324.27, 56.52 324.27, 62.730000000000004 315.09, 62.730000000000004 315.09, 73.17 324.27, 73.17 324.27, 79.38 333.45, 79.38 333.45, 73.17 339.21, 73.17 339.21, 90 360.45, 90 360.45, 126.45 339.21, 126.45 339.21, 162 360.45, 162 360.45, 198.45 339.21, 198.45 339.21, 234 360.45, 234 360.45, 270.45 339.21, 270.45 339.21, 287.72999999999996 333.45, 287.72999999999996 333.45, 281.52 324.27, 281.52 324.27, 287.72999999999996 315.09, 287.72999999999996 315.09, 298.17 324.27, 298.17 324.27, 304.38 333.45, 304.38 333.45, 298.17 339.21, 298.17 339.21, 315 360.45, 315 360.45, 339.21 315.45, 339.21 315.45, 360.45 299.07, 360.45 299.07, 347.31 285.93, 347.31 285.93, 360.45 270, 360.45 270, 339.21 234.45, 339.21 234.45, 360.45 198, 360.45 198, 339.21 162.45, 339.21 162.45, 360.45 126, 360.45 126, 339.21 90.45, 339.21 90.45, 360.45 74.07, 360.45 74.07, 347.31 60.93, 347.31 60.93, 360.45 45, 360.45 45, 339.21 0, 339.21 0, 315 21.24, 315 21.24, 298.17 26.999999999999996, 298.17 26.999999999999996, 304.38 36.18, 304.38 36.18, 298.17 45.36, 298.17 45.36, 287.72999999999996 36.18, 287.72999999999996 36.18, 281.52 26.999999999999996, 281.52 26.999999999999996, 287.72999999999996 21.24, 287.72999999999996 21.24, 270.45 0, 270.45 0, 234 21.24, 234 21.24, 198.45 0, 198.45 0, 162 21.24, 162 21.24, 126.45 0, 126.45 0, 90 21.24, 90 21.24, 73.17 26.999999999999996, 73.17 26.999999999999996, 79.38 36.18, 79.38 36.18, 73.17 45.36, 73.17 45.36, 62.730000000000004 36.18, 62.730000000000004 36.18, 56.52 26.999999999999996, 56.52 26.999999999999996, 62.730000000000004 21.24, 62.730000000000004 21.24, 45.45 0, 45.45 "/> 
 <circle cx="180" cy="180" r="44.775" style="stroke:#000000;stroke-width:0.45;fill:none" /> 
 
 <g transform="scale(0.02197265625)" ><g transform="translate(-2994,819)" ><path transform="translate(8192, 4096)rotate(180) scale(-1, 1)" stroke-width="0" fill="#FF0000" d="M-12 -385c-62.667 0 -111.999 9.00098 -147.999 27.001v145c47.333 -13.333 96.666 -20 147.999 -20c66 0 116.167 20 150.5 60s51.5 97.667 51.5 173v1462h170v-1448c0 -126.667 -32 -224.834 -96 -294.501s-156 -104.5 -276 -104.5z"/>
<path transform="translate(8739, 4096)rotate(180) scale(-1, 1)" stroke-width="0" fill="#FF0000" d="M1122 549c0 -178.667 -44.999 -318.168 -134.999 -418.501s-214.333 -150.5 -373 -150.5c-98 0 -185 23 -261 69s-134.667 112 -176 198s-62 186.667 -62 302c0 178.667 44.667 317.834 134 417.501s213.333 149.5 372 149.5c153.333 0 275.166 -51 365.499 -153 s135.5 -240 135.5 -414zM287.001 548.999c0 -140 28 -246.667 84 -320s138.333 -110 247 -110s191.167 36.5 247.5 109.5s84.5 179.833 84.5 320.5c0 139.333 -28.167 245.166 -84.5 317.499s-139.5 108.5 -249.5 108.5c-108.667 0 -190.667 -35.667 -246 -107 s-83 -177.666 -83 -318.999z"/>
<path transform="translate(9976, 4096)rotate(180) scale(-1, 1)" stroke-width="0" fill="#FF0000" d="M676 1116c48.667 0 92.333 -4 131 -12l-23 -154c-45.333 10 -85.333 15 -120 15c-88.667 0 -164.5 -36 -227.5 -108s-94.5 -161.667 -94.5 -269v-588h-166v1096h137l19 -203h8c40.667 71.333 89.667 126.333 147 165s120.333 58 189 58z"/>
<path transform="translate(10812, 4096)rotate(180) scale(-1, 1)" stroke-width="0" fill="#FF0000" d="M342 0h-166v1556h166v-1556z"/>
<path transform="translate(11330, 4096)rotate(180) scale(-1, 1)" stroke-width="0" fill="#FF0000" d="M342 0h-166v1096h166v-1096zM162 1393c0 38 9.33301 65.833 28 83.5s42 26.5 70 26.5c26.667 0 49.667 -9 69 -27s29 -45.667 29 -83s-9.66699 -65.166 -29 -83.499s-42.333 -27.5 -69 -27.5c-28 0 -51.333 9.16699 -70 27.5s-28 46.166 -28 83.499z"/>
<path transform="translate(11848, 4096)rotate(180) scale(-1, 1)" stroke-width="0" fill="#FF0000" d="M926 0l0.00195312 709c0 89.333 -20.333 156 -61 200s-104.334 66 -191.001 66c-114.667 0 -198.667 -31 -252 -93s-80 -164.333 -80 -307v-575h-166v1096h135l27 -150h8c34 54 81.667 95.833 143 125.5s129.666 44.5 204.999 44.5c132 0 231.333 -31.833 298 -95.5 s100 -165.5 100 -305.5v-715h-166z"/>
<path transform="translate(13105, 4096)rotate(180) scale(-1, 1)" stroke-width="0" fill="#FF0000" d="M340 561c28.667 40.667 72.333 94.001 131 160.001l354 375h197l-444 -467l475 -629h-201l-387 518l-125 -108v-410h-164v1556h164v-825c0 -36.667 -2.66699 -93.334 -8 -170.001h8z"/>
</g></g> 
</g>
<!-- Bottom--> 
<g transform="translate(382.95, 202.95) " > 
<polygon style="stroke:#000000; fill:none; stroke-width:0.45" points="0, 21.24 45, 21.24 45, 0 60.93, 0 60.93, 13.139999999999999 74.07, 13.139999999999999 74.07, 0 90.45, 0 90.45, 21.24 126, 21.24 126, 0 162.45, 0 162.45, 21.24 198, 21.24 198, 0 234.45, 0 234.45, 21.24 270, 21.24 270, 0 285.93, 0 285.93, 13.139999999999999 299.07, 13.139999999999999 299.07, 0 315.45, 0 315.45, 21.24 360.45, 21.24 360.45, 45.45 339.21, 45.45 339.21, 62.730000000000004 333.45, 62.730000000000004 333.45, 56.52 324.27, 56.52 324.27, 62.730000000000004 315.09, 62.730000000000004 315.09, 73.17 324.27, 73.17 324.27, 79.38 333.45, 79.38 333.45, 73.17 339.21, 73.17 339.21, 90 360.45, 90 360.45, 126.45 339.21, 126.45 339.21, 162 360.45, 162 360.45, 198.45 339.21, 198.45 339.21, 234 360.45, 234 360.45, 270.45 339.21, 270.45 339.21, 287.72999999999996 333.45, 287.72999999999996 333.45, 281.52 324.27, 281.52 324.27, 287.72999999999996 315.09, 287.72999999999996 315.09, 298.17 324.27, 298.17 324.27, 304.38 333.45, 304.38 333.45, 298.17 339.21, 298.17 339.21, 315 360.45, 315 360.45, 339.21 315.45, 339.21 315.45, 360.45 299.07, 360.45 299.07, 347.31 285.93, 347.31 285.93, 360.45 270, 360.45 270, 339.21 234.45, 339.21 234.45, 360.45 198, 360.45 198, 339.21 162.45, 339.21 162.45, 360.45 126, 360.45 126, 339.21 90.45, 339.21 90.45, 360.45 74.07, 360.45 74.07, 347.31 60.93, 347.31 60.93, 360.45 45, 360.45 45, 339.21 0, 339.21 0, 315 21.24, 315 21.24, 298.17 26.999999999999996, 298.17 26.999999999999996, 304.38 36.18, 304.38 36.18, 298.17 45.36, 298.17 45.36, 287.72999999999996 36.18, 287.72999999999996 36.18, 281.52 26.999999999999996, 281.52 26.999999999999996, 287.72999999999996 21.24, 287.72999999999996 21.24, 270.45 0, 270.45 0, 234 21.24, 234 21.24, 198.45 0, 198.45 0, 162 21.24, 162 21.24, 126.45 0, 126.45 0, 90 21.24, 90 21.24, 73.17 26.999999999999996, 73.17 26.999999999999996, 79.38 36.18, 79.38 36.18, 73.17 45.36, 73.17 45.36, 62.730000000000004 36.18, 62.730000000000004 36.18, 56.52 26.999999999999996, 56.52 26.999999999999996, 62.730000000000004 21.24, 62.730000000000004 21.24, 45.45 0, 45.45 "/> 
</g></svg>