  0
SECTION
  2
HEADER
  9
$ACADVER
  1
AC1018
  9
$ACADMAINTVER
 70
     0
  9
$DWGCODEPAGE
  3
ANSI_1252
  9
$INSBASE
 10
0.0
 20
0.0
 30
0.0
  9
$EXTMIN
 10
1.000000000000000E+20
 20
1.000000000000000E+20
 30
1.000000000000000E+20
  9
$EXTMAX
 10
-1.000000000000000E+20
 20
-1.000000000000000E+20
 30
-1.000000000000000E+20
  9
$LIMMIN
 10
0.0
 20
0.0
  9
$LIMMAX
 10
12.0
 20
9.0
  9
$ORTHOMODE
 70
     0
  9
$REGENMODE
 70
     1
  9
$FILLMODE
 70
     1
  9
$QTEXTMODE
 70
     0
  9
$MIRRTEXT
 70
     1
  9
$LTSCALE
 40
1.0
  9
$ATTMODE
 70
     1
  9
$TEXTSIZE
 40
0.2
  9
$TRACEWID
 40
0.05
  9
$TEXTSTYLE
  7
Standard
  9
$CLAYER
  8
0
  9
$CELTYPE
  6
ByLayer
  9
$CECOLOR
 62
   256
  9
$CELTSCALE
 40
1.0
  9
$DISPSILH
 70
     0
  9
$DIMSCALE
 40
1.0
  9
$DIMASZ
 40
0.18
  9
$DIMEXO
 40
0.0625
  9
$DIMDLI
 40
0.38
  9
$DIMRND
 40
0.0
  9
$DIMDLE
 40
0.0
  9
$DIMEXE
 40
0.18
  9
$DIMTP
 40
0.0
  9
$DIMTM
 40
0.0
  9
$DIMTXT
 40
0.18
  9
$DIMCEN
 40
0.09
  9
$DIMTSZ
 40
0.0
  9
$DIMTOL
 70
     0
  9
$DIMLIM
 70
     0
  9
$DIMTIH
 70
     1
  9
$DIMTOH
 70
     1
  9
$DIMSE1
 70
     0
  9
$DIMSE2
 70
     0
  9
$DIMTAD
 70
     0
  9
$DIMZIN
 70
     0
  9
$DIMBLK
  1

  9
$DIMASO
 70
     1
  9
$DIMSHO
 70
     1
  9
$DIMPOST
  1

  9
$DIMAPOST
  1

  9
$DIMALT
 70
     0
  9
$DIMALTD
 70
     2
  9
$DIMALTF
 40
25.4
  9
$DIMLFAC
 40
1.0
  9
$DIMTOFL
 70
     0
  9
$DIMTVP
 40
0.0
  9
$DIMTIX
 70
     0
  9
$DIMSOXD
 70
     0
  9
$DIMSAH
 70
     0
  9
$DIMBLK1
  1

  9
$DIMBLK2
  1

  9
$DIMSTYLE
  2
Standard
  9
$DIMCLRD
 70
     0
  9
$DIMCLRE
 70
     0
  9
$DIMCLRT
 70
     0
  9
$DIMTFAC
 40
1.0
  9
$DIMGAP
 40
0.09
  9
$DIMJUST
 70
     0
  9
$DIMSD1
 70
     0
  9
$DIMSD2
 70
     0
  9
$DIMTOLJ
 70
     1
  9
$DIMTZIN
 70
     0
  9
$DIMALTZ
 70
     0
  9
$DIMALTTZ
 70
     0
  9
$DIMUPT
 70
     0
  9
$DIMDEC
 70
     4
  9
$DIMTDEC
 70
     4
  9
$DIMALTU
 70
     2
  9
$DIMALTTD
 70
     2
  9
$DIMTXSTY
  7
Standard
  9
$DIMAUNIT
 70
     0
  9
$DIMADEC
 70
     0
  9
$DIMALTRND
 40
0.0
  9
$DIMAZIN
 70
     0
  9
$DIMDSEP
 70
    46
  9
$DIMATFIT
 70
     3
  9
$DIMFRAC
 70
     0
  9
$DIMLDRBLK
  1

  9
$DIMLUNIT
 70
     2
  9
$DIMLWD
 70
    -2
  9
$DIMLWE
 70
    -2
  9
$DIMTMOVE
 70
     0
  9
$LUNITS
 70
     2
  9
$LUPREC
 70
     4
  9
$SKETCHINC
 40
0.1
  9
$FILLETRAD
 40
0.5
  9
$AUNITS
 70
     0
  9
$AUPREC
 70
     0
  9
$MENU
  1
.
  9
$ELEVATION
 40
0.0
  9
$PELEVATION
 40
0.0
  9
$THICKNESS
 40
0.0
  9
$LIMCHECK
 70
     0
  9
$CHAMFERA
 40
0.5
  9
$CHAMFERB
 40
0.5
  9
$CHAMFERC
 40
1.0
  9
$CHAMFERD
 40
0.0
  9
$SKPOLY
 70
     0
  9
$TDCREATE
 40
2457436.330529444
  9
$TDUCREATE
 40
2457436.538862778
  9
$TDUPDATE
 40
2457436.330529456
  9
$TDUUPDATE
 40
2457436.53886279
  9
$TDINDWG
 40
0.0000000116
  9
$TDUSRTIMER
 40
0.0000000116
  9
$USRTIMER
 70
     1
  9
$ANGBASE
 50
0.0
  9
$ANGDIR
 70
     0
  9
$PDMODE
 70
     0
  9
$PDSIZE
 40
0.0
  9
$PLINEWID
 40
0.0
  9
$SPLFRAME
 70
     0
  9
$SPLINETYPE
 70
     6
  9
$SPLINESEGS
 70
     8
  9
$HANDSEED
  5
7C
  9
$SURFTAB1
 70
     6
  9
$SURFTAB2
 70
     6
  9
$SURFTYPE
 70
     6
  9
$SURFU
 70
     6
  9
$SURFV
 70
     6
  9
$UCSBASE
  2

  9
$UCSNAME
  2

  9
$UCSORG
 10
0.0
 20
0.0
 30
0.0
  9
$UCSXDIR
 10
1.0
 20
0.0
 30
0.0
  9
$UCSYDIR
 10
0.0
 20
1.0
 30
0.0
  9
$UCSORTHOREF
  2

  9
$UCSORTHOVIEW
 70
     0
  9
$UCSORGTOP
 10
0.0
 20
0.0
 30
0.0
  9
$UCSORGBOTTOM
 10
0.0
 20
0.0
 30
0.0
  9
$UCSORGLEFT
 10
0.0
 20
0.0
 30
0.0
  9
$UCSORGRIGHT
 10
0.0
 20
0.0
 30
0.0
  9
$UCSORGFRONT
 10
0.0
 20
0.0
 30
0.0
  9
$UCSORGBACK
 10
0.0
 20
0.0
 30
0.0
  9
$PUCSBASE
  2

  9
$PUCSNAME
  2

  9
$PUCSORG
 10
0.0
 20
0.0
 30
0.0
  9
$PUCSXDIR
 10
1.0
 20
0.0
 30
0.0
  9
$PUCSYDIR
 10
0.0
 20
1.0
 30
0.0
  9
$PUCSORTHOREF
  2

  9
$PUCSORTHOVIEW
 70
     0
  9
$PUCSORGTOP
 10
0.0
 20
0.0
 30
0.0
  9
$PUCSORGBOTTOM
 10
0.0
 20
0.0
 30
0.0
  9
$PUCSORGLEFT
 10
0.0
 20
0.0
 30
0.0
  9
$PUCSORGRIGHT
 10
0.0
 20
0.0
 30
0.0
  9
$PUCSORGFRONT
 10
0.0
 20
0.0
 30
0.0
  9
$PUCSORGBACK
 10
0.0
 20
0.0
 30
0.0
  9
$USERI1
 70
     0
  9
$USERI2
 70
     0
  9
$USERI3
 70
     0
  9
$USERI4
 70
     0
  9
$USERI5
 70
     0
  9
$USERR1
 40
0.0
  9
$USERR2
 40
0.0
  9
$USERR3
 40
0.0
  9
$USERR4
 40
0.0
  9
$USERR5
 40
0.0
  9
$WORLDVIEW
 70
     1
  9
$SHADEDGE
 70
     3
  9
$SHADEDIF
 70
    70
  9
$TILEMODE
 70
     1
  9
$MAXACTVP
 70
    64
  9
$PINSBASE
 10
0.0
 20
0.0
 30
0.0
  9
$PLIMCHECK
 70
     0
  9
$PEXTMIN
 10
1.000000000000000E+20
 20
1.000000000000000E+20
 30
1.000000000000000E+20
  9
$PEXTMAX
 10
-1.000000000000000E+20
 20
-1.000000000000000E+20
 30
-1.000000000000000E+20
  9
$PLIMMIN
 10
0.0
 20
0.0
  9
$PLIMMAX
 10
12.0
 20
9.0
  9
$UNITMODE
 70
     0
  9
$VISRETAIN
 70
     1
  9
$PLINEGEN
 70
     0
  9
$PSLTSCALE
 70
     1
  9
$TREEDEPTH
 70
  3020
  9
$CMLSTYLE
  2
Standard
  9
$CMLJUST
 70
     0
  9
$CMLSCALE
 40
1.0
  9
$PROXYGRAPHICS
 70
     1
  9
$MEASUREMENT
 70
     0
  9
$CELWEIGHT
370
    -1
  9
$ENDCAPS
280
     0
  9
$JOINSTYLE
280
     0
  9
$LWDISPLAY
290
     1
  9
$INSUNITS
 70
     1
  9
$HYPERLINKBASE
  1

  9
$STYLESHEET
  1

  9
$XEDIT
290
     1
  9
$CEPSNTYPE
380
     0
  9
$PSTYLEMODE
290
     1
  9
$FINGERPRINTGUID
  2
{0EB480A2-EE02-4D7D-B255-D0DADB7663F1}
  9
$VERSIONGUID
  2
{FAEB1C32-E019-11D5-929B-00C0DF256EC4}
  9
$EXTNAMES
290
     1
  9
$PSVPSCALE
 40
0.0
  9
$OLESTARTUP
290
     0
  9
$SORTENTS
280
   127
  9
$INDEXCTL
280
     0
  9
$HIDETEXT
280
     1
  9
$XCLIPFRAME
290
     0
  9
$HALOGAP
280
     0
  9
$OBSCOLOR
 70
   257
  9
$OBSLTYPE
280
     0
  9
$INTERSECTIONDISPLAY
280
     0
  9
$INTERSECTIONCOLOR
 70
   257
  9
$DIMASSOC
280
     2
  9
$PROJECTNAME
  1

  0
ENDSEC
  0
SECTION
  2
CLASSES
  0
CLASS
  1
ACDBDICTIONARYWDFLT
  2
AcDbDictionaryWithDefault
  3
ObjectDBX Classes
 90
        0
 91
        3
280
     0
281
     0
  0
CLASS
  1
VISUALSTYLE
  2
AcDbVisualStyle
  3
ObjectDBX Classes
 90
     4095
 91
        3
280
     0
281
     0
  0
ENDSEC
  0
SECTION
  2
TABLES
  0
TABLE
  2
VPORT
  5
8
330
0
100
AcDbSymbolTable
 70
     1
  0
VPORT
  5
29
330
8
100
AcDbSymbolTableRecord
100
AcDbViewportTableRecord
  2
*Active
 70
     0
 10
0.0
 20
0.0
 11
1.0
 21
1.0
 12
0.0
 22
0.0
 13
0.0
 23
0.0
 14
0.5
 24
0.5
 15
0.5
 25
0.5
 16
0.0
 26
0.0
 36
1.0
 17
16.0
 27
-9.0
 37
0.0
 40
18.0
 41
1.777777777777778
 42
50.0
 43
0.0
 44
0.0
 50
0.0
 51
0.0
 71
     0
 72
   100
 73
     1
 74
     3
 75
     0
 76
     0
 77
     0
 78
     0
281
     0
 65
     1
110
0.0
120
0.0
130
0.0
111
1.0
121
0.0
131
0.0
112
0.0
122
1.0
132
0.0
 79
     0
146
0.0
  0
ENDTAB
  0
TABLE
  2
LTYPE
  5
5
330
0
100
AcDbSymbolTable
 70
     1
  0
LTYPE
  5
14
330
5
100
AcDbSymbolTableRecord
100
AcDbLinetypeTableRecord
  2
ByBlock
 70
     0
  3

 72
    65
 73
     0
 40
0.0
  0
LTYPE
  5
15
330
5
100
AcDbSymbolTableRecord
100
AcDbLinetypeTableRecord
  2
ByLayer
 70
     0
  3

 72
    65
 73
     0
 40
0.0
  0
LTYPE
  5
16
330
5
100
AcDbSymbolTableRecord
100
AcDbLinetypeTableRecord
  2
Continuous
 70
     0
  3
Solid line
 72
    65
 73
     0
 40
0.0
  0
ENDTAB
  0
TABLE
  2
LAYER
  5
2
330
0
100
AcDbSymbolTable
 70
     2
  0
LAYER
  5
10
330
2
100
AcDbSymbolTableRecord
100
AcDbLayerTableRecord
  2
0
 70
     0
 62
     7
  6
Continuous
370
    -3
390
F
  0
LAYER
  5
3B
330
2
100
AcDbSymbolTableRecord
100
AcDbLayerTableRecord
  2
Layer 1
 70
     0
 62
     7
  6
Continuous
370
    -3
390
F
  0
ENDTAB
  0
TABLE
  2
STYLE
  5
3
330
0
100
AcDbSymbolTable
 70
     1
  0
STYLE
  5
11
330
3
100
AcDbSymbolTableRecord
100
AcDbTextStyleTableRecord
  2
Standard
 70
     0
 40
0.0
 41
1.0
 50
0.0
 71
     0
 42
0.2
  3
txt
  4

  0
ENDTAB
  0
TABLE
  2
VIEW
  5
6
330
0
100
AcDbSymbolTable
 70
     0
  0
ENDTAB
  0
TABLE
  2
UCS
  5
7
330
0
100
AcDbSymbolTable
 70
     0
  0
ENDTAB
  0
TABLE
  2
APPID
  5
9
330
0
100
AcDbSymbolTable
 70
     1
  0
APPID
  5
12
330
9
100
AcDbSymbolTableRecord
100
AcDbRegAppTableRecord
  2
ACAD
 70
     0
  0
ENDTAB
  0
TABLE
  2
DIMSTYLE
  5
A
330
0
100
AcDbSymbolTable
 70
     1
100
AcDbDimStyleTable
  0
DIMSTYLE
105
27
330
A
100
AcDbSymbolTableRecord
100
AcDbDimStyleTableRecord
  2
Standard
 70
     0
340
11
  0
ENDTAB
  0
TABLE
  2
BLOCK_RECORD
  5
1
330
0
100
AcDbSymbolTable
 70
     6
  0
BLOCK_RECORD
  5
1F
330
1
100
AcDbSymbolTableRecord
100
AcDbBlockTableRecord
  2
*Model_Space
340
22
  0
BLOCK_RECORD
  5
1B
330
1
100
AcDbSymbolTableRecord
100
AcDbBlockTableRecord
  2
*Paper_Space
340
1E
  0
BLOCK_RECORD
  5
23
330
1
100
AcDbSymbolTableRecord
100
AcDbBlockTableRecord
  2
*Paper_Space0
340
26
  0
BLOCK_RECORD
  5
3C
330
1
100
AcDbSymbolTableRecord
100
AcDbBlockTableRecord
  2
block 2
340
0
102
{BLKREFS
331
3D
102
}
  0
BLOCK_RECORD
  5
43
330
1
100
AcDbSymbolTableRecord
100
AcDbBlockTableRecord
  2
block 3
340
0
102
{BLKREFS
331
44
102
}
  0
BLOCK_RECORD
  5
4A
330
1
100
AcDbSymbolTableRecord
100
AcDbBlockTableRecord
  2
block 4
340
0
102
{BLKREFS
331
4B
102
}
  0
BLOCK_RECORD
  5
54
330
1
100
AcDbSymbolTableRecord
100
AcDbBlockTableRecord
  2
block 5
340
0
102
{BLKREFS
331
55
102
}
  0
BLOCK_RECORD
  5
67
330
1
100
AcDbSymbolTableRecord
100
AcDbBlockTableRecord
  2
block 6
340
0
102
{BLKREFS
331
68
102
}
  0
ENDTAB
  0
ENDSEC
  0
SECTION
  2
BLOCKS
  0
BLOCK
  5
20
330
1F
100
AcDbEntity
  8
0
100
AcDbBlockBegin
  2
*Model_Space
 70
     0
 71
     0
 10
0.0
 20
0.0
 30
0.0
  3
*Model_Space
  1

  0
ENDBLK
  5
21
330
1F
100
AcDbEntity
  8
0
100
AcDbBlockEnd
  0
BLOCK
  5
1C
330
1B
100
AcDbEntity
 67
     1
  8
0
100
AcDbBlockBegin
  2
*Paper_Space
 70
     0
 71
     0
 10
0.0
 20
0.0
 30
0.0
  3
*Paper_Space
  1

  0
ENDBLK
  5
1D
330
1B
100
AcDbEntity
 67
     1
  8
0
100
AcDbBlockEnd
  0
BLOCK
  5
24
330
23
100
AcDbEntity
  8
0
100
AcDbBlockBegin
  2
*Paper_Space0
 70
     0
 71
     0
 10
0.0
 20
0.0
 30
0.0
  3
*Paper_Space0
  1

  0
ENDBLK
  5
25
330
23
100
AcDbEntity
  8
0
100
AcDbBlockEnd
  0
BLOCK
  5
3E
330
3C
100
AcDbEntity
  8
0
100
AcDbBlockBegin
  2
block 2
 70
     0
 71
     0
 10
0.0
 20
0.0
 30
0.0
  3
block 2
  1

  0
SPLINE
  5
40
330
3C
100
AcDbEntity
  8
Layer 1
370
     0
100
AcDbSpline
210
0.0
220
0.0
230
1.0
 70
    11
 71
     3
 72
   110
 73
   106
 74
     0
 42
0.0000000001
 43
0.0000000001
 40
0.0
 40
0.0
 40
0.0
 40
0.0
 40
1.0
 40
1.0
 40
1.0
 40
2.0
 40
2.0
 40
2.0
 40
3.0
 40
3.0
 40
3.0
 40
4.0
 40
4.0
 40
4.0
 40
5.0
 40
5.0
 40
5.0
 40
6.0
 40
6.0
 40
6.0
 40
7.0
 40
7.0
 40
7.0
 40
8.0
 40
8.0
 40
8.0
 40
9.0
 40
9.0
 40
9.0
 40
10.0
 40
10.0
 40
10.0
 40
11.0
 40
11.0
 40
11.0
 40
12.0
 40
12.0
 40
12.0
 40
13.0
 40
13.0
 40
13.0
 40
14.0
 40
14.0
 40
14.0
 40
15.0
 40
15.0
 40
15.0
 40
16.0
 40
16.0
 40
16.0
 40
17.0
 40
17.0
 40
17.0
 40
18.0
 40
18.0
 40
18.0
 40
19.0
 40
19.0
 40
19.0
 40
20.0
 40
20.0
 40
20.0
 40
21.0
 40
21.0
 40
21.0
 40
22.0
 40
22.0
 40
22.0
 40
23.0
 40
23.0
 40
23.0
 40
24.0
 40
24.0
 40
24.0
 40
25.0
 40
25.0
 40
25.0
 40
26.0
 40
26.0
 40
26.0
 40
27.0
 40
27.0
 40
27.0
 40
28.0
 40
28.0
 40
28.0
 40
29.0
 40
29.0
 40
29.0
 40
30.0
 40
30.0
 40
30.0
 40
31.0
 40
31.0
 40
31.0
 40
32.0
 40
32.0
 40
32.0
 40
33.0
 40
33.0
 40
33.0
 40
34.0
 40
34.0
 40
34.0
 40
35.0
 40
35.0
 40
35.0
 40
35.0
 10
3.398918999565972
 20
-17.08778211805555
 30
0.0
 10
3.398918999565972
 20
-17.08778211805555
 30
0.0
 10
3.395582411024305
 20
-17.0833740234375
 30
0.0
 10
3.395582411024305
 20
-17.0833740234375
 30
0.0
 10
3.390706380208333
 20
-17.07694498697916
 30
0.0
 10
3.365763346354167
 20
-17.04680718315972
 30
0.0
 10
3.324435763888889
 20
-16.99688042534722
 30
0.0
 10
3.225104437934028
 20
-16.87685818142361
 30
0.0
 10
3.018398708767361
 20
-16.62712944878472
 30
0.0
 10
2.753757052951389
 20
-16.29923502604166
 30
0.0
 10
2.385403103298611
 20
-15.84286838107639
 30
0.0
 10
1.9639892578125
 20
-15.30071343315972
 30
0.0
 10
1.624491373697917
 20
-14.64108615451389
 30
0.0
 10
1.218783908420139
 20
-13.85282389322917
 30
0.0
 10
1.026557074652778
 20
-13.0855712890625
 30
0.0
 10
1.036817762586806
 20
-12.29547797309028
 30
0.0
 10
1.050204806857639
 20
-11.26611328125
 30
0.0
 10
1.490946451822917
 20
-9.303019205729166
 30
0.0
 10
1.495395236545139
 20
-9.283311631944445
 30
0.0
 10
1.495395236545139
 20
-9.283311631944445
 30
0.0
 10
1.986185709635417
 20
-6.800184461805555
 30
0.0
 10
1.986185709635417
 20
-6.800184461805555
 30
0.0
 10
1.986185709635417
 20
-6.800184461805555
 30
0.0
 10
1.992648654513889
 20
-6.801045735677083
 30
0.0
 10
1.992648654513889
 20
-6.801045735677083
 30
0.0
 10
2.221856011284722
 20
-6.831448025173611
 30
0.0
 10
2.319546169704861
 20
-6.840237087673611
 30
0.0
 10
2.428188747829861
 20
-6.840237087673611
 30
0.0
 10
2.493882921006944
 20
-6.840237087673611
 30
0.0
 10
2.563530815972222
 20
-6.836737738715278
 30
0.0
 10
2.659925672743055
 20
-6.831902398003471
 30
0.0
 10
2.659925672743055
 20
-6.831902398003471
 30
0.0
 10
2.692301432291667
 20
-6.830281575520833
 30
0.0
 10
2.692301432291667
 20
-6.830281575520833
 30
0.0
 10
3.111300998263889
 20
-6.809414333767361
 30
0.0
 10
7.6304931640625
 20
-6.173685709635416
 30
0.0
 10
8.827555338541666
 20
-5.891133626302083
 30
0.0
 10
8.827555338541666
 20
-5.891133626302083
 30
0.0
 10
8.834676106770832
 20
-5.889451768663194
 30
0.0
 10
8.834676106770832
 20
-5.889451768663194
 30
0.0
 10
8.834676106770832
 20
-5.889451768663194
 30
0.0
 10
8.835984971788195
 20
-5.896653917100694
 30
0.0
 10
8.835984971788195
 20
-5.896653917100694
 30
0.0
 10
8.835984971788195
 20
-5.896653917100694
 30
0.0
 10
9.103291829427082
 20
-7.37353515625
 30
0.0
 10
9.103291829427082
 20
-7.37353515625
 30
0.0
 10
9.103291829427082
 20
-7.37353515625
 30
0.0
 10
9.10317654079861
 20
-7.374552408854166
 30
0.0
 10
9.10317654079861
 20
-7.374552408854166
 30
0.0
 10
9.102213541666666
 20
-7.382975260416666
 30
0.0
 10
9.1021728515625
 20
-7.383307562934028
 30
0.0
 10
8.882710774739582
 20
-7.428805881076388
 30
0.0
 10
8.543348524305555
 20
-7.499172634548611
 30
0.0
 10
7.837178548177083
 20
-7.645582411024305
 30
0.0
 10
7.463453504774305
 20
-7.793206108940971
 30
0.0
 10
7.449137369791666
 20
-7.798862033420138
 30
0.0
 10
7.434590657552083
 20
-7.804558648003471
 30
0.0
 10
7.419826931423611
 20
-7.810336642795138
 30
0.0
 10
6.972649468315971
 20
-7.985385470920138
 30
0.0
 10
6.360222710503471
 20
-8.22512478298611
 30
0.0
 10
5.856682671440972
 20
-9.71240234375
 30
0.0
 10
5.856682671440972
 20
-9.71240234375
 30
0.0
 10
5.854444715711805
 20
-9.71902126736111
 30
0.0
 10
5.854444715711805
 20
-9.71902126736111
 30
0.0
 10
5.854444715711805
 20
-9.71902126736111
 30
0.0
 10
5.76885986328125
 20
-9.689534505208332
 30
0.0
 10
5.76885986328125
 20
-9.689534505208332
 30
0.0
 10
5.76885986328125
 20
-9.689534505208332
 30
0.0
 10
5.752129448784722
 20
-9.749579535590277
 30
0.0
 10
5.752129448784722
 20
-9.749579535590277
 30
0.0
 10
5.752129448784722
 20
-9.749579535590277
 30
0.0
 10
5.827901204427083
 20
-9.777574327256945
 30
0.0
 10
5.827901204427083
 20
-9.777574327256945
 30
0.0
 10
5.827901204427083
 20
-9.777574327256945
 30
0.0
 10
5.825717502170138
 20
-9.783976236979166
 30
0.0
 10
5.825717502170138
 20
-9.783976236979166
 30
0.0
 10
5.821031358506944
 20
-9.797715928819445
 30
0.0
 10
5.354363335503472
 20
-11.17960611979167
 30
0.0
 10
5.102532280815972
 20
-13.06749131944444
 30
0.0
 10
5.102532280815972
 20
-13.06749131944444
 30
0.0
 10
5.101643880208333
 20
-13.07415093315972
 30
0.0
 10
5.101643880208333
 20
-13.07415093315972
 30
0.0
 10
5.101643880208333
 20
-13.07415093315972
 30
0.0
 10
5.018507215711805
 20
-13.06583658854167
 30
0.0
 10
5.018507215711805
 20
-13.06583658854167
 30
0.0
 10
5.018507215711805
 20
-13.06583658854167
 30
0.0
 10
5.012437608506944
 20
-13.11842176649306
 30
0.0
 10
5.012437608506944
 20
-13.11842176649306
 30
0.0
 10
5.012437608506944
 20
-13.11842176649306
 30
0.0
 10
5.100273980034722
 20
-13.12578667534722
 30
0.0
 10
5.100273980034722
 20
-13.12578667534722
 30
0.0
 10
5.100273980034722
 20
-13.12578667534722
 30
0.0
 10
5.099629720052083
 20
-13.13275824652778
 30
0.0
 10
5.099629720052083
 20
-13.13275824652778
 30
0.0
 10
5.098178439670138
 20
-13.14838324652778
 30
0.0
 10
4.956522623697916
 20
-14.71381293402778
 30
0.0
 10
5.110860188802083
 20
-16.3133544921875
 30
0.0
 10
5.110860188802083
 20
-16.3133544921875
 30
0.0
 10
5.111341688368055
 20
-16.31830512152778
 30
0.0
 10
5.111341688368055
 20
-16.31830512152778
 30
0.0
 10
5.111341688368055
 20
-16.31830512152778
 30
0.0
 10
5.106797960069444
 20
-16.32035319010416
 30
0.0
 10
5.106797960069444
 20
-16.32035319010416
 30
0.0
 10
5.106797960069444
 20
-16.32035319010416
 30
0.0
 10
3.398918999565972
 20
-17.08778211805555
 30
0.0
 10
3.398918999565972
 20
-17.08778211805555
 30
0.0
  0
SPLINE
  5
41
330
3C
100
AcDbEntity
  8
Layer 1
370
     0
100
AcDbSpline
210
0.0
220
0.0
230
1.0
 70
    11
 71
     3
 72
    77
 73
    73
 74
     0
 42
0.0000000001
 43
0.0000000001
 40
0.0
 40
0.0
 40
0.0
 40
0.0
 40
1.0
 40
1.0
 40
1.0
 40
2.0
 40
2.0
 40
2.0
 40
3.0
 40
3.0
 40
3.0
 40
4.0
 40
4.0
 40
4.0
 40
5.0
 40
5.0
 40
5.0
 40
6.0
 40
6.0
 40
6.0
 40
7.0
 40
7.0
 40
7.0
 40
8.0
 40
8.0
 40
8.0
 40
9.0
 40
9.0
 40
9.0
 40
10.0
 40
10.0
 40
10.0
 40
11.0
 40
11.0
 40
11.0
 40
12.0
 40
12.0
 40
12.0
 40
13.0
 40
13.0
 40
13.0
 40
14.0
 40
14.0
 40
14.0
 40
15.0
 40
15.0
 40
15.0
 40
16.0
 40
16.0
 40
16.0
 40
17.0
 40
17.0
 40
17.0
 40
18.0
 40
18.0
 40
18.0
 40
19.0
 40
19.0
 40
19.0
 40
20.0
 40
20.0
 40
20.0
 40
21.0
 40
21.0
 40
21.0
 40
22.0
 40
22.0
 40
22.0
 40
23.0
 40
23.0
 40
23.0
 40
24.0
 40
24.0
 40
24.0
 40
24.0
 10
1.997280544704861
 20
-6.815667046440971
 30
0.0
 10
1.997280544704861
 20
-6.815667046440971
 30
0.0
 10
1.508985731336806
 20
-9.286187065972221
 30
0.0
 10
1.508985731336806
 20
-9.286187065972221
 30
0.0
 10
1.504496256510417
 20
-9.306070963541666
 30
0.0
 10
1.064073350694444
 20
-11.26774088541667
 30
0.0
 10
1.050706651475694
 20
-12.29566786024306
 30
0.0
 10
1.026787651909722
 20
-14.13746473524306
 30
0.0
 10
2.157246907552083
 20
-15.53805881076389
 30
0.0
 10
2.764567057291667
 20
-16.29051378038194
 30
0.0
 10
3.029147677951389
 20
-16.61834038628472
 30
0.0
 10
3.235819498697917
 20
-16.86802842881944
 30
0.0
 10
3.335137261284722
 20
-16.98802354600694
 30
0.0
 10
3.370585123697917
 20
-17.03085666232639
 30
0.0
 10
3.394015842013889
 20
-17.05916341145833
 30
0.0
 10
3.403211805555555
 20
-17.07062445746528
 30
0.0
 10
3.403211805555555
 20
-17.07062445746528
 30
0.0
 10
5.0965576171875
 20
-16.30973307291666
 30
0.0
 10
5.0965576171875
 20
-16.30973307291666
 30
0.0
 10
4.9481201171875
 20
-14.76529947916667
 30
0.0
 10
5.07501220703125
 20
-13.25413682725694
 30
0.0
 10
5.085171169704861
 20
-13.13845486111111
 30
0.0
 10
5.085171169704861
 20
-13.13845486111111
 30
0.0
 10
4.997002495659722
 20
-13.13106282552083
 30
0.0
 10
4.997002495659722
 20
-13.13106282552083
 30
0.0
 10
4.997002495659722
 20
-13.13106282552083
 30
0.0
 10
5.006273057725694
 20
-13.05064561631944
 30
0.0
 10
5.006273057725694
 20
-13.05064561631944
 30
0.0
 10
5.006273057725694
 20
-13.05064561631944
 30
0.0
 10
5.089653862847222
 20
-13.05898708767361
 30
0.0
 10
5.089653862847222
 20
-13.05898708767361
 30
0.0
 10
5.33306884765625
 20
-11.23895941840278
 30
0.0
 10
5.77557373046875
 20
-9.890326605902777
 30
0.0
 10
5.810418023003472
 20
-9.78591579861111
 30
0.0
 10
5.810418023003472
 20
-9.78591579861111
 30
0.0
 10
5.735310872395833
 20
-9.7581787109375
 30
0.0
 10
5.735310872395833
 20
-9.7581787109375
 30
0.0
 10
5.735310872395833
 20
-9.7581787109375
 30
0.0
 10
5.759446885850694
 20
-9.671603732638888
 30
0.0
 10
5.759446885850694
 20
-9.671603732638888
 30
0.0
 10
5.759446885850694
 20
-9.671603732638888
 30
0.0
 10
5.845770941840278
 20
-9.701334635416666
 30
0.0
 10
5.845770941840278
 20
-9.701334635416666
 30
0.0
 10
6.068827311197916
 20
-9.0445556640625
 30
0.0
 10
6.333367241753471
 20
-8.572129991319445
 30
0.0
 10
6.654364691840278
 20
-8.25726318359375
 30
0.0
 10
6.929538302951388
 20
-7.987345377604166
 30
0.0
 10
7.198581271701388
 20
-7.882025824652778
 30
0.0
 10
7.414767795138888
 20
-7.797403971354166
 30
0.0
 10
7.429517957899305
 20
-7.7916259765625
 30
0.0
 10
7.444051106770833
 20
-7.785942925347221
 30
0.0
 10
7.458353678385416
 20
-7.780293782552083
 30
0.0
 10
7.83319091796875
 20
-7.632222493489583
 30
0.0
 10
8.540147569444445
 20
-7.485649956597221
 30
0.0
 10
8.879889594184027
 20
-7.415208604600694
 30
0.0
 10
8.984578450520832
 20
-7.393500434027778
 30
0.0
 10
9.069051106770832
 20
-7.375990125868055
 30
0.0
 10
9.0885009765625
 20
-7.369798448350694
 30
0.0
 10
9.0885009765625
 20
-7.369798448350694
 30
0.0
 10
8.823615180121527
 20
-5.906331380208333
 30
0.0
 10
8.823615180121527
 20
-5.906331380208333
 30
0.0
 10
7.615532769097221
 20
-6.189805772569444
 30
0.0
 10
3.111368815104167
 20
-6.823316786024305
 30
0.0
 10
2.6929931640625
 20
-6.844156901041666
 30
0.0
 10
2.6929931640625
 20
-6.844156901041666
 30
0.0
 10
2.660624186197917
 20
-6.845777723524305
 30
0.0
 10
2.660624186197917
 20
-6.845777723524305
 30
0.0
 10
2.56402587890625
 20
-6.850619845920138
 30
0.0
 10
2.494228786892361
 20
-6.8541259765625
 30
0.0
 10
2.428188747829861
 20
-6.8541259765625
 30
0.0
 10
2.319864908854167
 20
-6.8541259765625
 30
0.0
 10
2.22259521484375
 20
-6.845472547743055
 30
0.0
 10
1.997280544704861
 20
-6.815667046440971
 30
0.0
  0
HATCH
  5
42
330
3C
100
AcDbEntity
  8
Layer 1
 62
   250
420
  2301728
100
AcDbHatch
 10
0.0
 20
0.0
 30
0.0
210
0.0
220
0.0
230
1.0
  2
SOLID
 70
     1
 71
     0
 91
        2
 92
        1
 93
        1
 72
     4
 94
        3
 73
     0
 74
     1
 95
      110
 96
      106
 40
0.0
 40
0.0
 40
0.0
 40
0.0
 40
1.0
 40
1.0
 40
1.0
 40
2.0
 40
2.0
 40
2.0
 40
3.0
 40
3.0
 40
3.0
 40
4.0
 40
4.0
 40
4.0
 40
5.0
 40
5.0
 40
5.0
 40
6.0
 40
6.0
 40
6.0
 40
7.0
 40
7.0
 40
7.0
 40
8.0
 40
8.0
 40
8.0
 40
9.0
 40
9.0
 40
9.0
 40
10.0
 40
10.0
 40
10.0
 40
11.0
 40
11.0
 40
11.0
 40
12.0
 40
12.0
 40
12.0
 40
13.0
 40
13.0
 40
13.0
 40
14.0
 40
14.0
 40
14.0
 40
15.0
 40
15.0
 40
15.0
 40
16.0
 40
16.0
 40
16.0
 40
17.0
 40
17.0
 40
17.0
 40
18.0
 40
18.0
 40
18.0
 40
19.0
 40
19.0
 40
19.0
 40
20.0
 40
20.0
 40
20.0
 40
21.0
 40
21.0
 40
21.0
 40
22.0
 40
22.0
 40
22.0
 40
23.0
 40
23.0
 40
23.0
 40
24.0
 40
24.0
 40
24.0
 40
25.0
 40
25.0
 40
25.0
 40
26.0
 40
26.0
 40
26.0
 40
27.0
 40
27.0
 40
27.0
 40
28.0
 40
28.0
 40
28.0
 40
29.0
 40
29.0
 40
29.0
 40
30.0
 40
30.0
 40
30.0
 40
31.0
 40
31.0
 40
31.0
 40
32.0
 40
32.0
 40
32.0
 40
33.0
 40
33.0
 40
33.0
 40
34.0
 40
34.0
 40
34.0
 40
35.0
 40
35.0
 40
35.0
 40
35.0
 10
3.398918999565972
 20
-17.08778211805555
 10
3.398918999565972
 20
-17.08778211805555
 10
3.395582411024305
 20
-17.0833740234375
 10
3.395582411024305
 20
-17.0833740234375
 10
3.390706380208333
 20
-17.07694498697916
 10
3.365763346354167
 20
-17.04680718315972
 10
3.324435763888889
 20
-16.99688042534722
 10
3.225104437934028
 20
-16.87685818142361
 10
3.018398708767361
 20
-16.62712944878472
 10
2.753757052951389
 20
-16.29923502604166
 10
2.385403103298611
 20
-15.84286838107639
 10
1.9639892578125
 20
-15.30071343315972
 10
1.624491373697917
 20
-14.64108615451389
 10
1.218783908420139
 20
-13.85282389322917
 10
1.026557074652778
 20
-13.0855712890625
 10
1.036817762586806
 20
-12.29547797309028
 10
1.050204806857639
 20
-11.26611328125
 10
1.490946451822917
 20
-9.303019205729166
 10
1.495395236545139
 20
-9.283311631944445
 10
1.495395236545139
 20
-9.283311631944445
 10
1.986185709635417
 20
-6.800184461805555
 10
1.986185709635417
 20
-6.800184461805555
 10
1.986185709635417
 20
-6.800184461805555
 10
1.992648654513889
 20
-6.801045735677083
 10
1.992648654513889
 20
-6.801045735677083
 10
2.221856011284722
 20
-6.831448025173611
 10
2.319546169704861
 20
-6.840237087673611
 10
2.428188747829861
 20
-6.840237087673611
 10
2.493882921006944
 20
-6.840237087673611
 10
2.563530815972222
 20
-6.836737738715278
 10
2.659925672743055
 20
-6.831902398003471
 10
2.659925672743055
 20
-6.831902398003471
 10
2.692301432291667
 20
-6.830281575520833
 10
2.692301432291667
 20
-6.830281575520833
 10
3.111300998263889
 20
-6.809414333767361
 10
7.6304931640625
 20
-6.173685709635416
 10
8.827555338541666
 20
-5.891133626302083
 10
8.827555338541666
 20
-5.891133626302083
 10
8.834676106770832
 20
-5.889451768663194
 10
8.834676106770832
 20
-5.889451768663194
 10
8.834676106770832
 20
-5.889451768663194
 10
8.835984971788195
 20
-5.896653917100694
 10
8.835984971788195
 20
-5.896653917100694
 10
8.835984971788195
 20
-5.896653917100694
 10
9.103291829427082
 20
-7.37353515625
 10
9.103291829427082
 20
-7.37353515625
 10
9.103291829427082
 20
-7.37353515625
 10
9.10317654079861
 20
-7.374552408854166
 10
9.10317654079861
 20
-7.374552408854166
 10
9.102213541666666
 20
-7.382975260416666
 10
9.1021728515625
 20
-7.383307562934028
 10
8.882710774739582
 20
-7.428805881076388
 10
8.543348524305555
 20
-7.499172634548611
 10
7.837178548177083
 20
-7.645582411024305
 10
7.463453504774305
 20
-7.793206108940971
 10
7.449137369791666
 20
-7.798862033420138
 10
7.434590657552083
 20
-7.804558648003471
 10
7.419826931423611
 20
-7.810336642795138
 10
6.972649468315971
 20
-7.985385470920138
 10
6.360222710503471
 20
-8.22512478298611
 10
5.856682671440972
 20
-9.71240234375
 10
5.856682671440972
 20
-9.71240234375
 10
5.854444715711805
 20
-9.71902126736111
 10
5.854444715711805
 20
-9.71902126736111
 10
5.854444715711805
 20
-9.71902126736111
 10
5.76885986328125
 20
-9.689534505208332
 10
5.76885986328125
 20
-9.689534505208332
 10
5.76885986328125
 20
-9.689534505208332
 10
5.752129448784722
 20
-9.749579535590277
 10
5.752129448784722
 20
-9.749579535590277
 10
5.752129448784722
 20
-9.749579535590277
 10
5.827901204427083
 20
-9.777574327256945
 10
5.827901204427083
 20
-9.777574327256945
 10
5.827901204427083
 20
-9.777574327256945
 10
5.825717502170138
 20
-9.783976236979166
 10
5.825717502170138
 20
-9.783976236979166
 10
5.821031358506944
 20
-9.797715928819445
 10
5.354363335503472
 20
-11.17960611979167
 10
5.102532280815972
 20
-13.06749131944444
 10
5.102532280815972
 20
-13.06749131944444
 10
5.101643880208333
 20
-13.07415093315972
 10
5.101643880208333
 20
-13.07415093315972
 10
5.101643880208333
 20
-13.07415093315972
 10
5.018507215711805
 20
-13.06583658854167
 10
5.018507215711805
 20
-13.06583658854167
 10
5.018507215711805
 20
-13.06583658854167
 10
5.012437608506944
 20
-13.11842176649306
 10
5.012437608506944
 20
-13.11842176649306
 10
5.012437608506944
 20
-13.11842176649306
 10
5.100273980034722
 20
-13.12578667534722
 10
5.100273980034722
 20
-13.12578667534722
 10
5.100273980034722
 20
-13.12578667534722
 10
5.099629720052083
 20
-13.13275824652778
 10
5.099629720052083
 20
-13.13275824652778
 10
5.098178439670138
 20
-13.14838324652778
 10
4.956522623697916
 20
-14.71381293402778
 10
5.110860188802083
 20
-16.3133544921875
 10
5.110860188802083
 20
-16.3133544921875
 10
5.111341688368055
 20
-16.31830512152778
 10
5.111341688368055
 20
-16.31830512152778
 10
5.111341688368055
 20
-16.31830512152778
 10
5.106797960069444
 20
-16.32035319010416
 10
5.106797960069444
 20
-16.32035319010416
 10
5.106797960069444
 20
-16.32035319010416
 10
3.398918999565972
 20
-17.08778211805555
 10
3.398918999565972
 20
-17.08778211805555
 97
        0
 92
        1
 93
        1
 72
     4
 94
        3
 73
     0
 74
     1
 95
       77
 96
       73
 40
0.0
 40
0.0
 40
0.0
 40
0.0
 40
1.0
 40
1.0
 40
1.0
 40
2.0
 40
2.0
 40
2.0
 40
3.0
 40
3.0
 40
3.0
 40
4.0
 40
4.0
 40
4.0
 40
5.0
 40
5.0
 40
5.0
 40
6.0
 40
6.0
 40
6.0
 40
7.0
 40
7.0
 40
7.0
 40
8.0
 40
8.0
 40
8.0
 40
9.0
 40
9.0
 40
9.0
 40
10.0
 40
10.0
 40
10.0
 40
11.0
 40
11.0
 40
11.0
 40
12.0
 40
12.0
 40
12.0
 40
13.0
 40
13.0
 40
13.0
 40
14.0
 40
14.0
 40
14.0
 40
15.0
 40
15.0
 40
15.0
 40
16.0
 40
16.0
 40
16.0
 40
17.0
 40
17.0
 40
17.0
 40
18.0
 40
18.0
 40
18.0
 40
19.0
 40
19.0
 40
19.0
 40
20.0
 40
20.0
 40
20.0
 40
21.0
 40
21.0
 40
21.0
 40
22.0
 40
22.0
 40
22.0
 40
23.0
 40
23.0
 40
23.0
 40
24.0
 40
24.0
 40
24.0
 40
24.0
 10
1.997280544704861
 20
-6.815667046440971
 10
1.997280544704861
 20
-6.815667046440971
 10
1.508985731336806
 20
-9.286187065972221
 10
1.508985731336806
 20
-9.286187065972221
 10
1.504496256510417
 20
-9.306070963541666
 10
1.064073350694444
 20
-11.26774088541667
 10
1.050706651475694
 20
-12.29566786024306
 10
1.026787651909722
 20
-14.13746473524306
 10
2.157246907552083
 20
-15.53805881076389
 10
2.764567057291667
 20
-16.29051378038194
 10
3.029147677951389
 20
-16.61834038628472
 10
3.235819498697917
 20
-16.86802842881944
 10
3.335137261284722
 20
-16.98802354600694
 10
3.370585123697917
 20
-17.03085666232639
 10
3.394015842013889
 20
-17.05916341145833
 10
3.403211805555555
 20
-17.07062445746528
 10
3.403211805555555
 20
-17.07062445746528
 10
5.0965576171875
 20
-16.30973307291666
 10
5.0965576171875
 20
-16.30973307291666
 10
4.9481201171875
 20
-14.76529947916667
 10
5.07501220703125
 20
-13.25413682725694
 10
5.085171169704861
 20
-13.13845486111111
 10
5.085171169704861
 20
-13.13845486111111
 10
4.997002495659722
 20
-13.13106282552083
 10
4.997002495659722
 20
-13.13106282552083
 10
4.997002495659722
 20
-13.13106282552083
 10
5.006273057725694
 20
-13.05064561631944
 10
5.006273057725694
 20
-13.05064561631944
 10
5.006273057725694
 20
-13.05064561631944
 10
5.089653862847222
 20
-13.05898708767361
 10
5.089653862847222
 20
-13.05898708767361
 10
5.33306884765625
 20
-11.23895941840278
 10
5.77557373046875
 20
-9.890326605902777
 10
5.810418023003472
 20
-9.78591579861111
 10
5.810418023003472
 20
-9.78591579861111
 10
5.735310872395833
 20
-9.7581787109375
 10
5.735310872395833
 20
-9.7581787109375
 10
5.735310872395833
 20
-9.7581787109375
 10
5.759446885850694
 20
-9.671603732638888
 10
5.759446885850694
 20
-9.671603732638888
 10
5.759446885850694
 20
-9.671603732638888
 10
5.845770941840278
 20
-9.701334635416666
 10
5.845770941840278
 20
-9.701334635416666
 10
6.068827311197916
 20
-9.0445556640625
 10
6.333367241753471
 20
-8.572129991319445
 10
6.654364691840278
 20
-8.25726318359375
 10
6.929538302951388
 20
-7.987345377604166
 10
7.198581271701388
 20
-7.882025824652778
 10
7.414767795138888
 20
-7.797403971354166
 10
7.429517957899305
 20
-7.7916259765625
 10
7.444051106770833
 20
-7.785942925347221
 10
7.458353678385416
 20
-7.780293782552083
 10
7.83319091796875
 20
-7.632222493489583
 10
8.540147569444445
 20
-7.485649956597221
 10
8.879889594184027
 20
-7.415208604600694
 10
8.984578450520832
 20
-7.393500434027778
 10
9.069051106770832
 20
-7.375990125868055
 10
9.0885009765625
 20
-7.369798448350694
 10
9.0885009765625
 20
-7.369798448350694
 10
8.823615180121527
 20
-5.906331380208333
 10
8.823615180121527
 20
-5.906331380208333
 10
7.615532769097221
 20
-6.189805772569444
 10
3.111368815104167
 20
-6.823316786024305
 10
2.6929931640625
 20
-6.844156901041666
 10
2.6929931640625
 20
-6.844156901041666
 10
2.660624186197917
 20
-6.845777723524305
 10
2.660624186197917
 20
-6.845777723524305
 10
2.56402587890625
 20
-6.850619845920138
 10
2.494228786892361
 20
-6.8541259765625
 10
2.428188747829861
 20
-6.8541259765625
 10
2.319864908854167
 20
-6.8541259765625
 10
2.22259521484375
 20
-6.845472547743055
 10
1.997280544704861
 20
-6.815667046440971
 97
        0
 75
     2
 76
     1
 98
        0
  0
ENDBLK
  5
3F
330
3C
100
AcDbEntity
  8
0
100
AcDbBlockEnd
  0
BLOCK
  5
45
330
43
100
AcDbEntity
  8
0
100
AcDbBlockBegin
  2
block 3
 70
     0
 71
     0
 10
0.0
 20
0.0
 30
0.0
  3
block 3
  1

  0
SPLINE
  5
47
330
43
100
AcDbEntity
  8
Layer 1
370
     0
100
AcDbSpline
210
0.0
220
0.0
230
1.0
 70
    11
 71
     3
 72
   110
 73
   106
 74
     0
 42
0.0000000001
 43
0.0000000001
 40
0.0
 40
0.0
 40
0.0
 40
0.0
 40
1.0
 40
1.0
 40
1.0
 40
2.0
 40
2.0
 40
2.0
 40
3.0
 40
3.0
 40
3.0
 40
4.0
 40
4.0
 40
4.0
 40
5.0
 40
5.0
 40
5.0
 40
6.0
 40
6.0
 40
6.0
 40
7.0
 40
7.0
 40
7.0
 40
8.0
 40
8.0
 40
8.0
 40
9.0
 40
9.0
 40
9.0
 40
10.0
 40
10.0
 40
10.0
 40
11.0
 40
11.0
 40
11.0
 40
12.0
 40
12.0
 40
12.0
 40
13.0
 40
13.0
 40
13.0
 40
14.0
 40
14.0
 40
14.0
 40
15.0
 40
15.0
 40
15.0
 40
16.0
 40
16.0
 40
16.0
 40
17.0
 40
17.0
 40
17.0
 40
18.0
 40
18.0
 40
18.0
 40
19.0
 40
19.0
 40
19.0
 40
20.0
 40
20.0
 40
20.0
 40
21.0
 40
21.0
 40
21.0
 40
22.0
 40
22.0
 40
22.0
 40
23.0
 40
23.0
 40
23.0
 40
24.0
 40
24.0
 40
24.0
 40
25.0
 40
25.0
 40
25.0
 40
26.0
 40
26.0
 40
26.0
 40
27.0
 40
27.0
 40
27.0
 40
28.0
 40
28.0
 40
28.0
 40
29.0
 40
29.0
 40
29.0
 40
30.0
 40
30.0
 40
30.0
 40
31.0
 40
31.0
 40
31.0
 40
32.0
 40
32.0
 40
32.0
 40
33.0
 40
33.0
 40
33.0
 40
34.0
 40
34.0
 40
34.0
 40
35.0
 40
35.0
 40
35.0
 40
35.0
 10
12.28335910373264
 20
-11.17080349392361
 30
0.0
 10
12.28335910373264
 20
-11.17080349392361
 30
0.0
 10
12.27802191840278
 20
-11.16935221354167
 30
0.0
 10
12.27802191840278
 20
-11.16935221354167
 30
0.0
 10
12.27802191840278
 20
-11.16935221354167
 30
0.0
 10
10.47077094184028
 20
-10.68195258246528
 30
0.0
 10
10.47077094184028
 20
-10.68195258246528
 30
0.0
 10
10.47077094184028
 20
-10.68195258246528
 30
0.0
 10
10.470458984375
 20
-10.67697482638889
 30
0.0
 10
10.470458984375
 20
-10.67697482638889
 30
0.0
 10
10.36979844835069
 20
-9.073106553819445
 30
0.0
 10
9.98226589626736
 20
-7.549879286024305
 30
0.0
 10
9.97835964626736
 20
-7.534681532118055
 30
0.0
 10
9.97835964626736
 20
-7.534681532118055
 30
0.0
 10
9.976616753472221
 20
-7.52789306640625
 30
0.0
 10
9.976616753472221
 20
-7.52789306640625
 30
0.0
 10
9.976616753472221
 20
-7.52789306640625
 30
0.0
 10
10.06218126085069
 20
-7.506720648871528
 30
0.0
 10
10.06218126085069
 20
-7.506720648871528
 30
0.0
 10
10.06218126085069
 20
-7.506720648871528
 30
0.0
 10
10.04787190755208
 20
-7.455742730034721
 30
0.0
 10
10.04787190755208
 20
-7.455742730034721
 30
0.0
 10
10.04787190755208
 20
-7.455742730034721
 30
0.0
 10
9.96710205078125
 20
-7.477091471354166
 30
0.0
 10
9.96710205078125
 20
-7.477091471354166
 30
0.0
 10
9.96710205078125
 20
-7.477091471354166
 30
0.0
 10
9.965169270833332
 20
-7.470655653211805
 30
0.0
 10
9.965169270833332
 20
-7.470655653211805
 30
0.0
 10
9.417805989583332
 20
-5.646314832899305
 30
0.0
 10
8.738416883680555
 20
-4.355767144097222
 30
0.0
 10
8.731614854600695
 20
-4.342949761284722
 30
0.0
 10
8.731614854600695
 20
-4.342949761284722
 30
0.0
 10
8.728447808159721
 20
-4.336968315972222
 30
0.0
 10
8.728447808159721
 20
-4.336968315972222
 30
0.0
 10
8.728447808159721
 20
-4.336968315972222
 30
0.0
 10
8.798834906684027
 20
-4.297322591145833
 30
0.0
 10
8.798834906684027
 20
-4.297322591145833
 30
0.0
 10
8.798834906684027
 20
-4.297322591145833
 30
0.0
 10
8.772813585069445
 20
-4.240681966145833
 30
0.0
 10
8.772813585069445
 20
-4.240681966145833
 30
0.0
 10
8.772813585069445
 20
-4.240681966145833
 30
0.0
 10
8.692972819010416
 20
-4.283338758680555
 30
0.0
 10
8.692972819010416
 20
-4.283338758680555
 30
0.0
 10
8.692972819010416
 20
-4.283338758680555
 30
0.0
 10
8.689710828993055
 20
-4.277167426215278
 30
0.0
 10
8.689710828993055
 20
-4.277167426215278
 30
0.0
 10
7.957234700520833
 20
-2.888271755642361
 30
0.0
 10
7.314581976996528
 20
-2.748446994357639
 30
0.0
 10
6.8453369140625
 20
-2.646341959635417
 30
0.0
 10
6.829847547743055
 20
-2.642971462673611
 30
0.0
 10
6.814581976996528
 20
-2.6396484375
 30
0.0
 10
6.799546983506944
 20
-2.636332194010417
 30
0.0
 10
6.40716552734375
 20
-2.549696180555555
 30
0.0
 10
5.686720106336805
 20
-2.516845703125
 30
0.0
 10
5.340494791666666
 20
-2.501057942708333
 30
0.0
 10
5.116624620225694
 20
-2.490851508246528
 30
0.0
 10
5.116536458333333
 20
-2.490532769097222
 30
0.0
 10
5.114244249131944
 20
-2.482367621527778
 30
0.0
 10
5.114244249131944
 20
-2.482367621527778
 30
0.0
 10
5.113966200086805
 20
-2.48138427734375
 30
0.0
 10
5.113966200086805
 20
-2.48138427734375
 30
0.0
 10
5.113966200086805
 20
-2.48138427734375
 30
0.0
 10
5.144415961371528
 20
-0.9734903971354166
 30
0.0
 10
5.144415961371528
 20
-0.9734903971354166
 30
0.0
 10
5.144415961371528
 20
-0.9734903971354166
 30
0.0
 10
5.151719835069444
 20
-0.974026150173611
 30
0.0
 10
5.151719835069444
 20
-0.974026150173611
 30
0.0
 10
5.505655924479166
 20
-0.9998779296875
 30
0.0
 10
6.172254774305555
 20
-1.013543023003472
 30
0.0
 10
7.079454210069444
 20
-1.013543023003472
 30
0.0
 10
8.89596218532986
 20
-1.013536241319444
 30
0.0
 10
11.07387966579861
 20
-0.9618665907118055
 30
0.0
 10
11.35828314887153
 20
-0.9307183159722222
 30
0.0
 10
11.35828314887153
 20
-0.9307183159722222
 30
0.0
 10
11.39061821831597
 20
-0.92718505859375
 30
0.0
 10
11.39061821831597
 20
-0.92718505859375
 30
0.0
 10
11.65032958984375
 20
-0.8988240559895833
 30
0.0
 10
11.70437961154514
 20
-0.8929172092013888
 30
0.0
 10
12.04449462890625
 20
-0.7911512586805555
 30
0.0
 10
12.04449462890625
 20
-0.7911512586805555
 30
0.0
 10
12.05073377821181
 20
-0.7892795138888888
 30
0.0
 10
12.05073377821181
 20
-0.7892795138888888
 30
0.0
 10
12.05073377821181
 20
-0.7892795138888888
 30
0.0
 10
12.05299886067708
 20
-0.7953965928819444
 30
0.0
 10
12.05299886067708
 20
-0.7953965928819444
 30
0.0
 10
12.05299886067708
 20
-0.7953965928819444
 30
0.0
 10
12.92825656467014
 20
-3.163669162326389
 30
0.0
 10
12.92825656467014
 20
-3.163669162326389
 30
0.0
 10
12.93570285373264
 20
-3.1822509765625
 30
0.0
 10
13.68147786458333
 20
-5.050869411892361
 30
0.0
 10
13.8575439453125
 20
-6.065178765190972
 30
0.0
 10
13.99266899956597
 20
-6.84368896484375
 30
0.0
 10
13.92424858940972
 20
-7.631693522135416
 30
0.0
 10
13.64836290147569
 20
-8.47421603732639
 30
0.0
 10
13.41749403211806
 20
-9.179267035590277
 30
0.0
 10
13.087158203125
 20
-9.781236436631945
 30
0.0
 10
12.795654296875
 20
-10.29013400607639
 30
0.0
 10
12.58603922526042
 20
-10.65607367621528
 30
0.0
 10
12.42142740885417
 20
-10.93538411458333
 30
0.0
 10
12.34231906467014
 20
-11.06960720486111
 30
0.0
 10
12.30953640407986
 20
-11.12523057725694
 30
0.0
 10
12.28974745008681
 20
-11.1588134765625
 30
0.0
 10
12.28595648871528
 20
-11.16592068142361
 30
0.0
 10
12.28595648871528
 20
-11.16592068142361
 30
0.0
 10
12.28335910373264
 20
-11.17080349392361
 30
0.0
 10
12.28335910373264
 20
-11.17080349392361
 30
0.0
  0
SPLINE
  5
48
330
43
100
AcDbEntity
  8
Layer 1
370
     0
100
AcDbSpline
210
0.0
220
0.0
230
1.0
 70
    11
 71
     3
 72
    77
 73
    73
 74
     0
 42
0.0000000001
 43
0.0000000001
 40
0.0
 40
0.0
 40
0.0
 40
0.0
 40
1.0
 40
1.0
 40
1.0
 40
2.0
 40
2.0
 40
2.0
 40
3.0
 40
3.0
 40
3.0
 40
4.0
 40
4.0
 40
4.0
 40
5.0
 40
5.0
 40
5.0
 40
6.0
 40
6.0
 40
6.0
 40
7.0
 40
7.0
 40
7.0
 40
8.0
 40
8.0
 40
8.0
 40
9.0
 40
9.0
 40
9.0
 40
10.0
 40
10.0
 40
10.0
 40
11.0
 40
11.0
 40
11.0
 40
12.0
 40
12.0
 40
12.0
 40
13.0
 40
13.0
 40
13.0
 40
14.0
 40
14.0
 40
14.0
 40
15.0
 40
15.0
 40
15.0
 40
16.0
 40
16.0
 40
16.0
 40
17.0
 40
17.0
 40
17.0
 40
18.0
 40
18.0
 40
18.0
 40
19.0
 40
19.0
 40
19.0
 40
20.0
 40
20.0
 40
20.0
 40
21.0
 40
21.0
 40
21.0
 40
22.0
 40
22.0
 40
22.0
 40
23.0
 40
23.0
 40
23.0
 40
24.0
 40
24.0
 40
24.0
 40
24.0
 10
10.4840087890625
 20
-10.67112901475694
 30
0.0
 10
10.4840087890625
 20
-10.67112901475694
 30
0.0
 10
12.27640787760417
 20
-11.154541015625
 30
0.0
 10
12.27640787760417
 20
-11.154541015625
 30
0.0
 10
12.28365749782986
 20
-11.14179144965278
 30
0.0
 10
12.30224609375
 20
-11.11025661892361
 30
0.0
 10
12.33034939236111
 20
-11.06255425347222
 30
0.0
 10
12.40944417317708
 20
-10.92835828993056
 30
0.0
 10
12.57402886284722
 20
-10.64908854166667
 30
0.0
 10
12.78359646267361
 20
-10.28323025173611
 30
0.0
 10
13.26422797309028
 20
-9.444173177083332
 30
0.0
 10
14.15886094835069
 20
-7.882378472222221
 30
0.0
 10
13.84385850694444
 20
-6.067552354600694
 30
0.0
 10
13.66804334852431
 20
-5.054680718315972
 30
0.0
 10
12.92280409071181
 20
-3.187398274739583
 30
0.0
 10
12.91529676649306
 20
-3.168660481770833
 30
0.0
 10
12.91529676649306
 20
-3.168660481770833
 30
0.0
 10
12.04222954644097
 20
-0.8063218858506944
 30
0.0
 10
12.04222954644097
 20
-0.8063218858506944
 30
0.0
 10
11.70644802517361
 20
-0.9066704644097222
 30
0.0
 10
11.65128580729167
 20
-0.912685818142361
 30
0.0
 10
11.39212375217014
 20
-0.9409925672743055
 30
0.0
 10
11.39212375217014
 20
-0.9409925672743055
 30
0.0
 10
11.35979546440972
 20
-0.9445258246527777
 30
0.0
 10
11.35979546440972
 20
-0.9445258246527777
 30
0.0
 10
11.07510715060764
 20
-0.9757080078125
 30
0.0
 10
8.896355523003471
 20
-1.027425130208333
 30
0.0
 10
7.079454210069444
 20
-1.027431911892361
 30
0.0
 10
6.178127712673611
 20
-1.027431911892361
 30
0.0
 10
5.514092339409722
 20
-1.013936360677083
 30
0.0
 10
5.158006456163194
 20
-0.9884033203125
 30
0.0
 10
5.158006456163194
 20
-0.9884033203125
 30
0.0
 10
5.127977159288194
 20
-2.475348578559028
 30
0.0
 10
5.127977159288194
 20
-2.475348578559028
 30
0.0
 10
5.148159450954861
 20
-2.478386773003472
 30
0.0
 10
5.234327528211805
 20
-2.482313368055555
 30
0.0
 10
5.34112548828125
 20
-2.4871826171875
 30
0.0
 10
5.687744140625
 20
-2.502983940972222
 30
0.0
 10
6.40899658203125
 20
-2.535875108506944
 30
0.0
 10
6.802544487847221
 20
-2.622768825954861
 30
0.0
 10
6.817559136284721
 20
-2.626085069444444
 30
0.0
 10
6.832817925347221
 20
-2.629401312934028
 30
0.0
 10
6.848293728298611
 20
-2.632771809895833
 30
0.0
 10
7.075141059027778
 20
-2.68212890625
 30
0.0
 10
7.357469346788194
 20
-2.743557400173611
 30
0.0
 10
7.671875
 20
-2.966545952690972
 30
0.0
 10
8.038642035590277
 20
-3.226664225260417
 30
0.0
 10
8.374586317274305
 20
-3.651292588975694
 30
0.0
 10
8.698737250434027
 20
-4.264512803819445
 30
0.0
 10
8.698737250434027
 20
-4.264512803819445
 30
0.0
 10
8.779276529947916
 20
-4.221483018663195
 30
0.0
 10
8.779276529947916
 20
-4.221483018663195
 30
0.0
 10
8.779276529947916
 20
-4.221483018663195
 30
0.0
 10
8.816792805989582
 20
-4.303141276041666
 30
0.0
 10
8.816792805989582
 20
-4.303141276041666
 30
0.0
 10
8.816792805989582
 20
-4.303141276041666
 30
0.0
 10
8.747029622395832
 20
-4.342434353298611
 30
0.0
 10
8.747029622395832
 20
-4.342434353298611
 30
0.0
 10
8.797953287760416
 20
-4.440009223090278
 30
0.0
 10
9.448248969184027
 20
-5.701646592881944
 30
0.0
 10
9.976542154947916
 20
-7.460232204861111
 30
0.0
 10
9.976542154947916
 20
-7.460232204861111
 30
0.0
 10
10.05754258897569
 20
-7.438815646701388
 30
0.0
 10
10.05754258897569
 20
-7.438815646701388
 30
0.0
 10
10.05754258897569
 20
-7.438815646701388
 30
0.0
 10
10.07942708333333
 20
-7.516757541232638
 30
0.0
 10
10.07942708333333
 20
-7.516757541232638
 30
0.0
 10
10.07942708333333
 20
-7.516757541232638
 30
0.0
 10
9.9935302734375
 20
-7.538018120659721
 30
0.0
 10
9.9935302734375
 20
-7.538018120659721
 30
0.0
 10
10.02186414930556
 20
-7.650621202256944
 30
0.0
 10
10.38623725043403
 20
-9.122667100694445
 30
0.0
 10
10.4840087890625
 20
-10.67112901475694
 30
0.0
  0
HATCH
  5
49
330
43
100
AcDbEntity
  8
Layer 1
 62
   250
420
  2301728
100
AcDbHatch
 10
0.0
 20
0.0
 30
0.0
210
0.0
220
0.0
230
1.0
  2
SOLID
 70
     1
 71
     0
 91
        2
 92
        1
 93
        1
 72
     4
 94
        3
 73
     0
 74
     1
 95
      110
 96
      106
 40
0.0
 40
0.0
 40
0.0
 40
0.0
 40
1.0
 40
1.0
 40
1.0
 40
2.0
 40
2.0
 40
2.0
 40
3.0
 40
3.0
 40
3.0
 40
4.0
 40
4.0
 40
4.0
 40
5.0
 40
5.0
 40
5.0
 40
6.0
 40
6.0
 40
6.0
 40
7.0
 40
7.0
 40
7.0
 40
8.0
 40
8.0
 40
8.0
 40
9.0
 40
9.0
 40
9.0
 40
10.0
 40
10.0
 40
10.0
 40
11.0
 40
11.0
 40
11.0
 40
12.0
 40
12.0
 40
12.0
 40
13.0
 40
13.0
 40
13.0
 40
14.0
 40
14.0
 40
14.0
 40
15.0
 40
15.0
 40
15.0
 40
16.0
 40
16.0
 40
16.0
 40
17.0
 40
17.0
 40
17.0
 40
18.0
 40
18.0
 40
18.0
 40
19.0
 40
19.0
 40
19.0
 40
20.0
 40
20.0
 40
20.0
 40
21.0
 40
21.0
 40
21.0
 40
22.0
 40
22.0
 40
22.0
 40
23.0
 40
23.0
 40
23.0
 40
24.0
 40
24.0
 40
24.0
 40
25.0
 40
25.0
 40
25.0
 40
26.0
 40
26.0
 40
26.0
 40
27.0
 40
27.0
 40
27.0
 40
28.0
 40
28.0
 40
28.0
 40
29.0
 40
29.0
 40
29.0
 40
30.0
 40
30.0
 40
30.0
 40
31.0
 40
31.0
 40
31.0
 40
32.0
 40
32.0
 40
32.0
 40
33.0
 40
33.0
 40
33.0
 40
34.0
 40
34.0
 40
34.0
 40
35.0
 40
35.0
 40
35.0
 40
35.0
 10
12.28335910373264
 20
-11.17080349392361
 10
12.28335910373264
 20
-11.17080349392361
 10
12.27802191840278
 20
-11.16935221354167
 10
12.27802191840278
 20
-11.16935221354167
 10
12.27802191840278
 20
-11.16935221354167
 10
10.47077094184028
 20
-10.68195258246528
 10
10.47077094184028
 20
-10.68195258246528
 10
10.47077094184028
 20
-10.68195258246528
 10
10.470458984375
 20
-10.67697482638889
 10
10.470458984375
 20
-10.67697482638889
 10
10.36979844835069
 20
-9.073106553819445
 10
9.98226589626736
 20
-7.549879286024305
 10
9.97835964626736
 20
-7.534681532118055
 10
9.97835964626736
 20
-7.534681532118055
 10
9.976616753472221
 20
-7.52789306640625
 10
9.976616753472221
 20
-7.52789306640625
 10
9.976616753472221
 20
-7.52789306640625
 10
10.06218126085069
 20
-7.506720648871528
 10
10.06218126085069
 20
-7.506720648871528
 10
10.06218126085069
 20
-7.506720648871528
 10
10.04787190755208
 20
-7.455742730034721
 10
10.04787190755208
 20
-7.455742730034721
 10
10.04787190755208
 20
-7.455742730034721
 10
9.96710205078125
 20
-7.477091471354166
 10
9.96710205078125
 20
-7.477091471354166
 10
9.96710205078125
 20
-7.477091471354166
 10
9.965169270833332
 20
-7.470655653211805
 10
9.965169270833332
 20
-7.470655653211805
 10
9.417805989583332
 20
-5.646314832899305
 10
8.738416883680555
 20
-4.355767144097222
 10
8.731614854600695
 20
-4.342949761284722
 10
8.731614854600695
 20
-4.342949761284722
 10
8.728447808159721
 20
-4.336968315972222
 10
8.728447808159721
 20
-4.336968315972222
 10
8.728447808159721
 20
-4.336968315972222
 10
8.798834906684027
 20
-4.297322591145833
 10
8.798834906684027
 20
-4.297322591145833
 10
8.798834906684027
 20
-4.297322591145833
 10
8.772813585069445
 20
-4.240681966145833
 10
8.772813585069445
 20
-4.240681966145833
 10
8.772813585069445
 20
-4.240681966145833
 10
8.692972819010416
 20
-4.283338758680555
 10
8.692972819010416
 20
-4.283338758680555
 10
8.692972819010416
 20
-4.283338758680555
 10
8.689710828993055
 20
-4.277167426215278
 10
8.689710828993055
 20
-4.277167426215278
 10
7.957234700520833
 20
-2.888271755642361
 10
7.314581976996528
 20
-2.748446994357639
 10
6.8453369140625
 20
-2.646341959635417
 10
6.829847547743055
 20
-2.642971462673611
 10
6.814581976996528
 20
-2.6396484375
 10
6.799546983506944
 20
-2.636332194010417
 10
6.40716552734375
 20
-2.549696180555555
 10
5.686720106336805
 20
-2.516845703125
 10
5.340494791666666
 20
-2.501057942708333
 10
5.116624620225694
 20
-2.490851508246528
 10
5.116536458333333
 20
-2.490532769097222
 10
5.114244249131944
 20
-2.482367621527778
 10
5.114244249131944
 20
-2.482367621527778
 10
5.113966200086805
 20
-2.48138427734375
 10
5.113966200086805
 20
-2.48138427734375
 10
5.113966200086805
 20
-2.48138427734375
 10
5.144415961371528
 20
-0.9734903971354166
 10
5.144415961371528
 20
-0.9734903971354166
 10
5.144415961371528
 20
-0.9734903971354166
 10
5.151719835069444
 20
-0.974026150173611
 10
5.151719835069444
 20
-0.974026150173611
 10
5.505655924479166
 20
-0.9998779296875
 10
6.172254774305555
 20
-1.013543023003472
 10
7.079454210069444
 20
-1.013543023003472
 10
8.89596218532986
 20
-1.013536241319444
 10
11.07387966579861
 20
-0.9618665907118055
 10
11.35828314887153
 20
-0.9307183159722222
 10
11.35828314887153
 20
-0.9307183159722222
 10
11.39061821831597
 20
-0.92718505859375
 10
11.39061821831597
 20
-0.92718505859375
 10
11.65032958984375
 20
-0.8988240559895833
 10
11.70437961154514
 20
-0.8929172092013888
 10
12.04449462890625
 20
-0.7911512586805555
 10
12.04449462890625
 20
-0.7911512586805555
 10
12.05073377821181
 20
-0.7892795138888888
 10
12.05073377821181
 20
-0.7892795138888888
 10
12.05073377821181
 20
-0.7892795138888888
 10
12.05299886067708
 20
-0.7953965928819444
 10
12.05299886067708
 20
-0.7953965928819444
 10
12.05299886067708
 20
-0.7953965928819444
 10
12.92825656467014
 20
-3.163669162326389
 10
12.92825656467014
 20
-3.163669162326389
 10
12.93570285373264
 20
-3.1822509765625
 10
13.68147786458333
 20
-5.050869411892361
 10
13.8575439453125
 20
-6.065178765190972
 10
13.99266899956597
 20
-6.84368896484375
 10
13.92424858940972
 20
-7.631693522135416
 10
13.64836290147569
 20
-8.47421603732639
 10
13.41749403211806
 20
-9.179267035590277
 10
13.087158203125
 20
-9.781236436631945
 10
12.795654296875
 20
-10.29013400607639
 10
12.58603922526042
 20
-10.65607367621528
 10
12.42142740885417
 20
-10.93538411458333
 10
12.34231906467014
 20
-11.06960720486111
 10
12.30953640407986
 20
-11.12523057725694
 10
12.28974745008681
 20
-11.1588134765625
 10
12.28595648871528
 20
-11.16592068142361
 10
12.28595648871528
 20
-11.16592068142361
 10
12.28335910373264
 20
-11.17080349392361
 10
12.28335910373264
 20
-11.17080349392361
 97
        0
 92
        1
 93
        1
 72
     4
 94
        3
 73
     0
 74
     1
 95
       77
 96
       73
 40
0.0
 40
0.0
 40
0.0
 40
0.0
 40
1.0
 40
1.0
 40
1.0
 40
2.0
 40
2.0
 40
2.0
 40
3.0
 40
3.0
 40
3.0
 40
4.0
 40
4.0
 40
4.0
 40
5.0
 40
5.0
 40
5.0
 40
6.0
 40
6.0
 40
6.0
 40
7.0
 40
7.0
 40
7.0
 40
8.0
 40
8.0
 40
8.0
 40
9.0
 40
9.0
 40
9.0
 40
10.0
 40
10.0
 40
10.0
 40
11.0
 40
11.0
 40
11.0
 40
12.0
 40
12.0
 40
12.0
 40
13.0
 40
13.0
 40
13.0
 40
14.0
 40
14.0
 40
14.0
 40
15.0
 40
15.0
 40
15.0
 40
16.0
 40
16.0
 40
16.0
 40
17.0
 40
17.0
 40
17.0
 40
18.0
 40
18.0
 40
18.0
 40
19.0
 40
19.0
 40
19.0
 40
20.0
 40
20.0
 40
20.0
 40
21.0
 40
21.0
 40
21.0
 40
22.0
 40
22.0
 40
22.0
 40
23.0
 40
23.0
 40
23.0
 40
24.0
 40
24.0
 40
24.0
 40
24.0
 10
10.4840087890625
 20
-10.67112901475694
 10
10.4840087890625
 20
-10.67112901475694
 10
12.27640787760417
 20
-11.154541015625
 10
12.27640787760417
 20
-11.154541015625
 10
12.28365749782986
 20
-11.14179144965278
 10
12.30224609375
 20
-11.11025661892361
 10
12.33034939236111
 20
-11.06255425347222
 10
12.40944417317708
 20
-10.92835828993056
 10
12.57402886284722
 20
-10.64908854166667
 10
12.78359646267361
 20
-10.28323025173611
 10
13.26422797309028
 20
-9.444173177083332
 10
14.15886094835069
 20
-7.882378472222221
 10
13.84385850694444
 20
-6.067552354600694
 10
13.66804334852431
 20
-5.054680718315972
 10
12.92280409071181
 20
-3.187398274739583
 10
12.91529676649306
 20
-3.168660481770833
 10
12.91529676649306
 20
-3.168660481770833
 10
12.04222954644097
 20
-0.8063218858506944
 10
12.04222954644097
 20
-0.8063218858506944
 10
11.70644802517361
 20
-0.9066704644097222
 10
11.65128580729167
 20
-0.912685818142361
 10
11.39212375217014
 20
-0.9409925672743055
 10
11.39212375217014
 20
-0.9409925672743055
 10
11.35979546440972
 20
-0.9445258246527777
 10
11.35979546440972
 20
-0.9445258246527777
 10
11.07510715060764
 20
-0.9757080078125
 10
8.896355523003471
 20
-1.027425130208333
 10
7.079454210069444
 20
-1.027431911892361
 10
6.178127712673611
 20
-1.027431911892361
 10
5.514092339409722
 20
-1.013936360677083
 10
5.158006456163194
 20
-0.9884033203125
 10
5.158006456163194
 20
-0.9884033203125
 10
5.127977159288194
 20
-2.475348578559028
 10
5.127977159288194
 20
-2.475348578559028
 10
5.148159450954861
 20
-2.478386773003472
 10
5.234327528211805
 20
-2.482313368055555
 10
5.34112548828125
 20
-2.4871826171875
 10
5.687744140625
 20
-2.502983940972222
 10
6.40899658203125
 20
-2.535875108506944
 10
6.802544487847221
 20
-2.622768825954861
 10
6.817559136284721
 20
-2.626085069444444
 10
6.832817925347221
 20
-2.629401312934028
 10
6.848293728298611
 20
-2.632771809895833
 10
7.075141059027778
 20
-2.68212890625
 10
7.357469346788194
 20
-2.743557400173611
 10
7.671875
 20
-2.966545952690972
 10
8.038642035590277
 20
-3.226664225260417
 10
8.374586317274305
 20
-3.651292588975694
 10
8.698737250434027
 20
-4.264512803819445
 10
8.698737250434027
 20
-4.264512803819445
 10
8.779276529947916
 20
-4.221483018663195
 10
8.779276529947916
 20
-4.221483018663195
 10
8.779276529947916
 20
-4.221483018663195
 10
8.816792805989582
 20
-4.303141276041666
 10
8.816792805989582
 20
-4.303141276041666
 10
8.816792805989582
 20
-4.303141276041666
 10
8.747029622395832
 20
-4.342434353298611
 10
8.747029622395832
 20
-4.342434353298611
 10
8.797953287760416
 20
-4.440009223090278
 10
9.448248969184027
 20
-5.701646592881944
 10
9.976542154947916
 20
-7.460232204861111
 10
9.976542154947916
 20
-7.460232204861111
 10
10.05754258897569
 20
-7.438815646701388
 10
10.05754258897569
 20
-7.438815646701388
 10
10.05754258897569
 20
-7.438815646701388
 10
10.07942708333333
 20
-7.516757541232638
 10
10.07942708333333
 20
-7.516757541232638
 10
10.07942708333333
 20
-7.516757541232638
 10
9.9935302734375
 20
-7.538018120659721
 10
9.9935302734375
 20
-7.538018120659721
 10
10.02186414930556
 20
-7.650621202256944
 10
10.38623725043403
 20
-9.122667100694445
 10
10.4840087890625
 20
-10.67112901475694
 97
        0
 75
     2
 76
     1
 98
        0
  0
ENDBLK
  5
46
330
43
100
AcDbEntity
  8
0
100
AcDbBlockEnd
  0
BLOCK
  5
4C
330
4A
100
AcDbEntity
  8
0
100
AcDbBlockBegin
  2
block 4
 70
     0
 71
     0
 10
0.0
 20
0.0
 30
0.0
  3
block 4
  1

  0
SPLINE
  5
4E
330
4A
100
AcDbEntity
  8
Layer 1
370
     0
100
AcDbSpline
210
0.0
220
0.0
230
1.0
 70
    11
 71
     3
 72
    89
 73
    85
 74
     0
 42
0.0000000001
 43
0.0000000001
 40
0.0
 40
0.0
 40
0.0
 40
0.0
 40
1.0
 40
1.0
 40
1.0
 40
2.0
 40
2.0
 40
2.0
 40
3.0
 40
3.0
 40
3.0
 40
4.0
 40
4.0
 40
4.0
 40
5.0
 40
5.0
 40
5.0
 40
6.0
 40
6.0
 40
6.0
 40
7.0
 40
7.0
 40
7.0
 40
8.0
 40
8.0
 40
8.0
 40
9.0
 40
9.0
 40
9.0
 40
10.0
 40
10.0
 40
10.0
 40
11.0
 40
11.0
 40
11.0
 40
12.0
 40
12.0
 40
12.0
 40
13.0
 40
13.0
 40
13.0
 40
14.0
 40
14.0
 40
14.0
 40
15.0
 40
15.0
 40
15.0
 40
16.0
 40
16.0
 40
16.0
 40
17.0
 40
17.0
 40
17.0
 40
18.0
 40
18.0
 40
18.0
 40
19.0
 40
19.0
 40
19.0
 40
20.0
 40
20.0
 40
20.0
 40
21.0
 40
21.0
 40
21.0
 40
22.0
 40
22.0
 40
22.0
 40
23.0
 40
23.0
 40
23.0
 40
24.0
 40
24.0
 40
24.0
 40
25.0
 40
25.0
 40
25.0
 40
26.0
 40
26.0
 40
26.0
 40
27.0
 40
27.0
 40
27.0
 40
28.0
 40
28.0
 40
28.0
 40
28.0
 10
23.7872314453125
 20
-15.11614312065972
 30
0.0
 10
23.7872314453125
 20
-15.11614312065972
 30
0.0
 10
20.39908854166666
 20
-15.11614312065972
 30
0.0
 10
20.39908854166666
 20
-15.11614312065972
 30
0.0
 10
20.39908854166666
 20
-15.11614312065972
 30
0.0
 10
20.39701334635416
 20
-15.11362033420139
 30
0.0
 10
20.39701334635416
 20
-15.11362033420139
 30
0.0
 10
20.36794704861111
 20
-15.07853190104167
 30
0.0
 10
17.48201497395833
 20
-11.58596462673611
 30
0.0
 10
16.70209418402778
 20
-10.01116265190972
 30
0.0
 10
16.650390625
 20
-9.90676540798611
 30
0.0
 10
16.59379069010416
 20
-9.797702365451388
 30
0.0
 10
16.53386773003472
 20
-9.682223849826388
 30
0.0
 10
16.19322374131944
 20
-9.025865342881945
 30
0.0
 10
15.67845323350694
 20
-8.033949110243055
 30
0.0
 10
14.90670437282986
 20
-5.637315538194444
 30
0.0
 10
14.90104844835069
 20
-5.617112901475694
 30
0.0
 10
14.34648301866319
 20
-3.638746473524305
 30
0.0
 10
14.15846082899306
 20
-3.305738661024305
 30
0.0
 10
14.1541748046875
 20
-3.298143174913194
 30
0.0
 10
14.14771864149306
 20
-3.286044650607639
 30
0.0
 10
14.13922797309028
 20
-3.270148383246528
 30
0.0
 10
13.68524848090278
 20
-2.419643825954861
 30
0.0
 10
13.32408311631944
 20
-2.241129557291667
 30
0.0
 10
13.10105387369792
 20
-2.241143120659722
 30
0.0
 10
13.10105387369792
 20
-2.241143120659722
 30
0.0
 10
13.09284803602431
 20
-2.241143120659722
 30
0.0
 10
13.09284803602431
 20
-2.241143120659722
 30
0.0
 10
13.09284803602431
 20
-2.241143120659722
 30
0.0
 10
13.34556749131944
 20
-0.7357855902777778
 30
0.0
 10
13.34556749131944
 20
-0.7357855902777778
 30
0.0
 10
13.34556749131944
 20
-0.7357855902777778
 30
0.0
 10
13.35246446397569
 20
-0.73699951171875
 30
0.0
 10
13.35246446397569
 20
-0.73699951171875
 30
0.0
 10
15.62718370225694
 20
-1.137274848090278
 30
0.0
 10
17.23973253038194
 20
-1.423373752170139
 30
0.0
 10
18.41716851128472
 20
-1.632269965277778
 30
0.0
 10
21.30329047309028
 20
-2.144321017795139
 30
0.0
 10
21.47606065538194
 20
-2.174974229600694
 30
0.0
 10
22.06517198350694
 20
-2.228800455729167
 30
0.0
 10
22.06517198350694
 20
-2.228800455729167
 30
0.0
 10
22.07149251302083
 20
-2.229383680555555
 30
0.0
 10
22.07149251302083
 20
-2.229383680555555
 30
0.0
 10
22.07149251302083
 20
-2.229383680555555
 30
0.0
 10
22.0714111328125
 20
-2.299099392361111
 30
0.0
 10
22.0714111328125
 20
-2.299099392361111
 30
0.0
 10
22.0714111328125
 20
-2.299099392361111
 30
0.0
 10
22.13585069444444
 20
-2.299187554253472
 30
0.0
 10
22.13585069444444
 20
-2.299187554253472
 30
0.0
 10
22.13585069444444
 20
-2.299187554253472
 30
0.0
 10
22.13572862413194
 20
-2.229668511284722
 30
0.0
 10
22.13572862413194
 20
-2.229668511284722
 30
0.0
 10
22.13572862413194
 20
-2.229668511284722
 30
0.0
 10
22.14202202690972
 20
-2.22906494140625
 30
0.0
 10
22.14202202690972
 20
-2.22906494140625
 30
0.0
 10
23.2032470703125
 20
-2.126532660590278
 30
0.0
 10
30.77308485243055
 20
-0.7500203450520833
 30
0.0
 10
30.84941948784722
 20
-0.7361314561631944
 30
0.0
 10
30.84941948784722
 20
-0.7361314561631944
 30
0.0
 10
30.85601128472222
 20
-0.7349310980902778
 30
0.0
 10
30.85601128472222
 20
-0.7349310980902778
 30
0.0
 10
30.85601128472222
 20
-0.7349310980902778
 30
0.0
 10
30.85744900173611
 20
-0.7414618598090278
 30
0.0
 10
30.85744900173611
 20
-0.7414618598090278
 30
0.0
 10
30.85744900173611
 20
-0.7414618598090278
 30
0.0
 10
31.18781195746528
 20
-2.238043891059028
 30
0.0
 10
31.18781195746528
 20
-2.238043891059028
 30
0.0
 10
31.18781195746528
 20
-2.238043891059028
 30
0.0
 10
31.18227810329861
 20
-2.240207248263889
 30
0.0
 10
31.18227810329861
 20
-2.240207248263889
 30
0.0
 10
31.17386881510416
 20
-2.243482801649305
 30
0.0
 10
30.33755154079861
 20
-2.57781982421875
 30
0.0
 10
30.0118408203125
 20
-3.422315809461805
 30
0.0
 10
29.99921332465278
 20
-3.463460286458333
 30
0.0
 10
28.72478569878472
 20
-7.598931206597221
 30
0.0
 10
27.99271647135416
 20
-9.04177517361111
 30
0.0
 10
27.02780490451389
 20
-10.94354926215278
 30
0.0
 10
25.93633355034722
 20
-12.49324544270833
 30
0.0
 10
25.19061957465278
 20
-13.45840115017361
 30
0.0
 10
24.38259548611111
 20
-14.50417751736111
 30
0.0
 10
23.79511176215278
 20
-15.10807291666667
 30
0.0
 10
23.78926595052083
 20
-15.11405436197917
 30
0.0
 10
23.78926595052083
 20
-15.11405436197917
 30
0.0
 10
23.7872314453125
 20
-15.11614312065972
 30
0.0
 10
23.7872314453125
 20
-15.11614312065972
 30
0.0
  0
SPLINE
  5
4F
330
4A
100
AcDbEntity
  8
Layer 1
370
     0
100
AcDbSpline
210
0.0
220
0.0
230
1.0
 70
    11
 71
     3
 72
    62
 73
    58
 74
     0
 42
0.0000000001
 43
0.0000000001
 40
0.0
 40
0.0
 40
0.0
 40
0.0
 40
1.0
 40
1.0
 40
1.0
 40
2.0
 40
2.0
 40
2.0
 40
3.0
 40
3.0
 40
3.0
 40
4.0
 40
4.0
 40
4.0
 40
5.0
 40
5.0
 40
5.0
 40
6.0
 40
6.0
 40
6.0
 40
7.0
 40
7.0
 40
7.0
 40
8.0
 40
8.0
 40
8.0
 40
9.0
 40
9.0
 40
9.0
 40
10.0
 40
10.0
 40
10.0
 40
11.0
 40
11.0
 40
11.0
 40
12.0
 40
12.0
 40
12.0
 40
13.0
 40
13.0
 40
13.0
 40
14.0
 40
14.0
 40
14.0
 40
15.0
 40
15.0
 40
15.0
 40
16.0
 40
16.0
 40
16.0
 40
17.0
 40
17.0
 40
17.0
 40
18.0
 40
18.0
 40
18.0
 40
19.0
 40
19.0
 40
19.0
 40
19.0
 10
20.40562608506944
 20
-15.10225423177083
 30
0.0
 10
20.40562608506944
 20
-15.10225423177083
 30
0.0
 10
23.7813720703125
 20
-15.10225423177083
 30
0.0
 10
23.7813720703125
 20
-15.10225423177083
 30
0.0
 10
23.82005479600694
 20
-15.06232367621528
 30
0.0
 10
24.39606391059028
 20
-14.46404351128472
 30
0.0
 10
25.17978244357639
 20
-13.44970703125
 30
0.0
 10
25.92508951822916
 20
-12.48506673177083
 30
0.0
 10
27.01596408420139
 20
-10.93619791666667
 30
0.0
 10
27.98033311631944
 20
-9.035481770833332
 30
0.0
 10
28.71185980902778
 20
-7.593695746527778
 30
0.0
 10
29.98593478732639
 20
-3.459364149305555
 30
0.0
 10
29.99871148003472
 20
-3.417772081163194
 30
0.0
 10
30.3128662109375
 20
-2.60321044921875
 30
0.0
 10
31.09795464409722
 20
-2.260165744357639
 30
0.0
 10
31.17171223958333
 20
-2.229519314236111
 30
0.0
 10
31.17171223958333
 20
-2.229519314236111
 30
0.0
 10
30.84532335069444
 20
-0.7509901258680555
 30
0.0
 10
30.84532335069444
 20
-0.7509901258680555
 30
0.0
 10
30.58310275607639
 20
-0.7986653645833333
 30
0.0
 10
23.22075737847222
 20
-2.136311848958333
 30
0.0
 10
22.14964463975694
 20
-2.242275661892361
 30
0.0
 10
22.14964463975694
 20
-2.242275661892361
 30
0.0
 10
22.14976671006944
 20
-2.313096788194444
 30
0.0
 10
22.14976671006944
 20
-2.313096788194444
 30
0.0
 10
22.14976671006944
 20
-2.313096788194444
 30
0.0
 10
22.05750868055555
 20
-2.312967936197917
 30
0.0
 10
22.05750868055555
 20
-2.312967936197917
 30
0.0
 10
22.05750868055555
 20
-2.312967936197917
 30
0.0
 10
22.05759006076389
 20
-2.242058648003472
 30
0.0
 10
22.05759006076389
 20
-2.242058648003472
 30
0.0
 10
21.47296820746528
 20
-2.188530815972222
 30
0.0
 10
21.291015625
 20
-2.15625
 30
0.0
 10
18.41475423177083
 20
-1.645948621961805
 30
0.0
 10
17.23853895399305
 20
-1.437269422743056
 30
0.0
 10
15.6279296875
 20
-1.151516384548611
 30
0.0
 10
13.35694715711806
 20
-0.75189208984375
 30
0.0
 10
13.35694715711806
 20
-0.75189208984375
 30
0.0
 10
13.10924614800347
 20
-2.227328830295139
 30
0.0
 10
13.10924614800347
 20
-2.227328830295139
 30
0.0
 10
13.33666314019097
 20
-2.231641981336805
 30
0.0
 10
13.69972737630208
 20
-2.417277018229167
 30
0.0
 10
14.15148247612847
 20
-3.263604058159722
 30
0.0
 10
14.15989854600694
 20
-3.279378255208333
 30
0.0
 10
14.16630045572917
 20
-3.291375054253472
 30
0.0
 10
14.17055935329861
 20
-3.298916286892361
 30
0.0
 10
14.35938856336806
 20
-3.633368598090278
 30
0.0
 10
14.91442192925347
 20
-5.613355848524305
 30
0.0
 10
14.92000325520833
 20
-5.633314344618055
 30
0.0
 10
15.69131808810764
 20
-8.028584798177082
 30
0.0
 10
16.20576985677083
 20
-9.019870334201388
 30
0.0
 10
16.54619683159722
 20
-9.675835503472221
 30
0.0
 10
16.60614691840278
 20
-9.791368272569445
 30
0.0
 10
16.66278754340278
 20
-9.900485568576388
 30
0.0
 10
16.71454535590278
 20
-10.0050048828125
 30
0.0
 10
17.48490397135416
 20
-11.56049262152778
 30
0.0
 10
20.31343587239583
 20
-14.99066840277778
 30
0.0
 10
20.40562608506944
 20
-15.10225423177083
 30
0.0
  0
HATCH
  5
50
330
4A
100
AcDbEntity
  8
Layer 1
 62
   250
420
  2301728
100
AcDbHatch
 10
0.0
 20
0.0
 30
0.0
210
0.0
220
0.0
230
1.0
  2
SOLID
 70
     1
 71
     0
 91
        2
 92
        1
 93
        1
 72
     4
 94
        3
 73
     0
 74
     1
 95
       89
 96
       85
 40
0.0
 40
0.0
 40
0.0
 40
0.0
 40
1.0
 40
1.0
 40
1.0
 40
2.0
 40
2.0
 40
2.0
 40
3.0
 40
3.0
 40
3.0
 40
4.0
 40
4.0
 40
4.0
 40
5.0
 40
5.0
 40
5.0
 40
6.0
 40
6.0
 40
6.0
 40
7.0
 40
7.0
 40
7.0
 40
8.0
 40
8.0
 40
8.0
 40
9.0
 40
9.0
 40
9.0
 40
10.0
 40
10.0
 40
10.0
 40
11.0
 40
11.0
 40
11.0
 40
12.0
 40
12.0
 40
12.0
 40
13.0
 40
13.0
 40
13.0
 40
14.0
 40
14.0
 40
14.0
 40
15.0
 40
15.0
 40
15.0
 40
16.0
 40
16.0
 40
16.0
 40
17.0
 40
17.0
 40
17.0
 40
18.0
 40
18.0
 40
18.0
 40
19.0
 40
19.0
 40
19.0
 40
20.0
 40
20.0
 40
20.0
 40
21.0
 40
21.0
 40
21.0
 40
22.0
 40
22.0
 40
22.0
 40
23.0
 40
23.0
 40
23.0
 40
24.0
 40
24.0
 40
24.0
 40
25.0
 40
25.0
 40
25.0
 40
26.0
 40
26.0
 40
26.0
 40
27.0
 40
27.0
 40
27.0
 40
28.0
 40
28.0
 40
28.0
 40
28.0
 10
23.7872314453125
 20
-15.11614312065972
 10
23.7872314453125
 20
-15.11614312065972
 10
20.39908854166666
 20
-15.11614312065972
 10
20.39908854166666
 20
-15.11614312065972
 10
20.39908854166666
 20
-15.11614312065972
 10
20.39701334635416
 20
-15.11362033420139
 10
20.39701334635416
 20
-15.11362033420139
 10
20.36794704861111
 20
-15.07853190104167
 10
17.48201497395833
 20
-11.58596462673611
 10
16.70209418402778
 20
-10.01116265190972
 10
16.650390625
 20
-9.90676540798611
 10
16.59379069010416
 20
-9.797702365451388
 10
16.53386773003472
 20
-9.682223849826388
 10
16.19322374131944
 20
-9.025865342881945
 10
15.67845323350694
 20
-8.033949110243055
 10
14.90670437282986
 20
-5.637315538194444
 10
14.90104844835069
 20
-5.617112901475694
 10
14.34648301866319
 20
-3.638746473524305
 10
14.15846082899306
 20
-3.305738661024305
 10
14.1541748046875
 20
-3.298143174913194
 10
14.14771864149306
 20
-3.286044650607639
 10
14.13922797309028
 20
-3.270148383246528
 10
13.68524848090278
 20
-2.419643825954861
 10
13.32408311631944
 20
-2.241129557291667
 10
13.10105387369792
 20
-2.241143120659722
 10
13.10105387369792
 20
-2.241143120659722
 10
13.09284803602431
 20
-2.241143120659722
 10
13.09284803602431
 20
-2.241143120659722
 10
13.09284803602431
 20
-2.241143120659722
 10
13.34556749131944
 20
-0.7357855902777778
 10
13.34556749131944
 20
-0.7357855902777778
 10
13.34556749131944
 20
-0.7357855902777778
 10
13.35246446397569
 20
-0.73699951171875
 10
13.35246446397569
 20
-0.73699951171875
 10
15.62718370225694
 20
-1.137274848090278
 10
17.23973253038194
 20
-1.423373752170139
 10
18.41716851128472
 20
-1.632269965277778
 10
21.30329047309028
 20
-2.144321017795139
 10
21.47606065538194
 20
-2.174974229600694
 10
22.06517198350694
 20
-2.228800455729167
 10
22.06517198350694
 20
-2.228800455729167
 10
22.07149251302083
 20
-2.229383680555555
 10
22.07149251302083
 20
-2.229383680555555
 10
22.07149251302083
 20
-2.229383680555555
 10
22.0714111328125
 20
-2.299099392361111
 10
22.0714111328125
 20
-2.299099392361111
 10
22.0714111328125
 20
-2.299099392361111
 10
22.13585069444444
 20
-2.299187554253472
 10
22.13585069444444
 20
-2.299187554253472
 10
22.13585069444444
 20
-2.299187554253472
 10
22.13572862413194
 20
-2.229668511284722
 10
22.13572862413194
 20
-2.229668511284722
 10
22.13572862413194
 20
-2.229668511284722
 10
22.14202202690972
 20
-2.22906494140625
 10
22.14202202690972
 20
-2.22906494140625
 10
23.2032470703125
 20
-2.126532660590278
 10
30.77308485243055
 20
-0.7500203450520833
 10
30.84941948784722
 20
-0.7361314561631944
 10
30.84941948784722
 20
-0.7361314561631944
 10
30.85601128472222
 20
-0.7349310980902778
 10
30.85601128472222
 20
-0.7349310980902778
 10
30.85601128472222
 20
-0.7349310980902778
 10
30.85744900173611
 20
-0.7414618598090278
 10
30.85744900173611
 20
-0.7414618598090278
 10
30.85744900173611
 20
-0.7414618598090278
 10
31.18781195746528
 20
-2.238043891059028
 10
31.18781195746528
 20
-2.238043891059028
 10
31.18781195746528
 20
-2.238043891059028
 10
31.18227810329861
 20
-2.240207248263889
 10
31.18227810329861
 20
-2.240207248263889
 10
31.17386881510416
 20
-2.243482801649305
 10
30.33755154079861
 20
-2.57781982421875
 10
30.0118408203125
 20
-3.422315809461805
 10
29.99921332465278
 20
-3.463460286458333
 10
28.72478569878472
 20
-7.598931206597221
 10
27.99271647135416
 20
-9.04177517361111
 10
27.02780490451389
 20
-10.94354926215278
 10
25.93633355034722
 20
-12.49324544270833
 10
25.19061957465278
 20
-13.45840115017361
 10
24.38259548611111
 20
-14.50417751736111
 10
23.79511176215278
 20
-15.10807291666667
 10
23.78926595052083
 20
-15.11405436197917
 10
23.78926595052083
 20
-15.11405436197917
 10
23.7872314453125
 20
-15.11614312065972
 10
23.7872314453125
 20
-15.11614312065972
 97
        0
 92
        1
 93
        1
 72
     4
 94
        3
 73
     0
 74
     1
 95
       62
 96
       58
 40
0.0
 40
0.0
 40
0.0
 40
0.0
 40
1.0
 40
1.0
 40
1.0
 40
2.0
 40
2.0
 40
2.0
 40
3.0
 40
3.0
 40
3.0
 40
4.0
 40
4.0
 40
4.0
 40
5.0
 40
5.0
 40
5.0
 40
6.0
 40
6.0
 40
6.0
 40
7.0
 40
7.0
 40
7.0
 40
8.0
 40
8.0
 40
8.0
 40
9.0
 40
9.0
 40
9.0
 40
10.0
 40
10.0
 40
10.0
 40
11.0
 40
11.0
 40
11.0
 40
12.0
 40
12.0
 40
12.0
 40
13.0
 40
13.0
 40
13.0
 40
14.0
 40
14.0
 40
14.0
 40
15.0
 40
15.0
 40
15.0
 40
16.0
 40
16.0
 40
16.0
 40
17.0
 40
17.0
 40
17.0
 40
18.0
 40
18.0
 40
18.0
 40
19.0
 40
19.0
 40
19.0
 40
19.0
 10
20.40562608506944
 20
-15.10225423177083
 10
20.40562608506944
 20
-15.10225423177083
 10
23.7813720703125
 20
-15.10225423177083
 10
23.7813720703125
 20
-15.10225423177083
 10
23.82005479600694
 20
-15.06232367621528
 10
24.39606391059028
 20
-14.46404351128472
 10
25.17978244357639
 20
-13.44970703125
 10
25.92508951822916
 20
-12.48506673177083
 10
27.01596408420139
 20
-10.93619791666667
 10
27.98033311631944
 20
-9.035481770833332
 10
28.71185980902778
 20
-7.593695746527778
 10
29.98593478732639
 20
-3.459364149305555
 10
29.99871148003472
 20
-3.417772081163194
 10
30.3128662109375
 20
-2.60321044921875
 10
31.09795464409722
 20
-2.260165744357639
 10
31.17171223958333
 20
-2.229519314236111
 10
31.17171223958333
 20
-2.229519314236111
 10
30.84532335069444
 20
-0.7509901258680555
 10
30.84532335069444
 20
-0.7509901258680555
 10
30.58310275607639
 20
-0.7986653645833333
 10
23.22075737847222
 20
-2.136311848958333
 10
22.14964463975694
 20
-2.242275661892361
 10
22.14964463975694
 20
-2.242275661892361
 10
22.14976671006944
 20
-2.313096788194444
 10
22.14976671006944
 20
-2.313096788194444
 10
22.14976671006944
 20
-2.313096788194444
 10
22.05750868055555
 20
-2.312967936197917
 10
22.05750868055555
 20
-2.312967936197917
 10
22.05750868055555
 20
-2.312967936197917
 10
22.05759006076389
 20
-2.242058648003472
 10
22.05759006076389
 20
-2.242058648003472
 10
21.47296820746528
 20
-2.188530815972222
 10
21.291015625
 20
-2.15625
 10
18.41475423177083
 20
-1.645948621961805
 10
17.23853895399305
 20
-1.437269422743056
 10
15.6279296875
 20
-1.151516384548611
 10
13.35694715711806
 20
-0.75189208984375
 10
13.35694715711806
 20
-0.75189208984375
 10
13.10924614800347
 20
-2.227328830295139
 10
13.10924614800347
 20
-2.227328830295139
 10
13.33666314019097
 20
-2.231641981336805
 10
13.69972737630208
 20
-2.417277018229167
 10
14.15148247612847
 20
-3.263604058159722
 10
14.15989854600694
 20
-3.279378255208333
 10
14.16630045572917
 20
-3.291375054253472
 10
14.17055935329861
 20
-3.298916286892361
 10
14.35938856336806
 20
-3.633368598090278
 10
14.91442192925347
 20
-5.613355848524305
 10
14.92000325520833
 20
-5.633314344618055
 10
15.69131808810764
 20
-8.028584798177082
 10
16.20576985677083
 20
-9.019870334201388
 10
16.54619683159722
 20
-9.675835503472221
 10
16.60614691840278
 20
-9.791368272569445
 10
16.66278754340278
 20
-9.900485568576388
 10
16.71454535590278
 20
-10.0050048828125
 10
17.48490397135416
 20
-11.56049262152778
 10
20.31343587239583
 20
-14.99066840277778
 10
20.40562608506944
 20
-15.10225423177083
 97
        0
 75
     2
 76
     1
 98
        0
  0
ENDBLK
  5
4D
330
4A
100
AcDbEntity
  8
0
100
AcDbBlockEnd
  0
BLOCK
  5
56
330
54
100
AcDbEntity
  8
0
100
AcDbBlockBegin
  2
block 5
 70
     0
 71
     0
 10
0.0
 20
0.0
 30
0.0
  3
block 5
  1

  0
POLYLINE
  5
58
330
54
100
AcDbEntity
  8
Layer 1
370
     0
100
AcDb2dPolyline
 66
     1
 10
0.0
 20
0.0
 30
0.0
  0
VERTEX
  5
59
330
58
100
AcDbEntity
  8
Layer 1
370
     0
100
AcDbVertex
100
AcDb2dVertex
 10
14.05194769965278
 20
-13.31993272569444
 30
0.0
  0
VERTEX
  5
5A
330
58
100
AcDbEntity
  8
Layer 1
370
     0
100
AcDbVertex
100
AcDb2dVertex
 10
9.411322699652777
 20
-13.31993272569444
 30
0.0
  0
VERTEX
  5
5B
330
58
100
AcDbEntity
  8
Layer 1
370
     0
100
AcDbVertex
100
AcDb2dVertex
 10
9.411322699652777
 20
-11.80604383680556
 30
0.0
  0
VERTEX
  5
5C
330
58
100
AcDbEntity
  8
Layer 1
370
     0
100
AcDbVertex
100
AcDb2dVertex
 10
14.05194769965278
 20
-11.80604383680556
 30
0.0
  0
VERTEX
  5
5D
330
58
100
AcDbEntity
  8
Layer 1
370
     0
100
AcDbVertex
100
AcDb2dVertex
 10
14.05194769965278
 20
-13.31993272569444
 30
0.0
  0
SEQEND
  5
5E
330
58
100
AcDbEntity
  8
Layer 1
370
     0
  0
POLYLINE
  5
5F
330
54
100
AcDbEntity
  8
Layer 1
370
     0
100
AcDb2dPolyline
 66
     1
 10
0.0
 20
0.0
 30
0.0
  0
VERTEX
  5
60
330
5F
100
AcDbEntity
  8
Layer 1
370
     0
100
AcDbVertex
100
AcDb2dVertex
 10
9.425211588541666
 20
-13.30604383680556
 30
0.0
  0
VERTEX
  5
61
330
5F
100
AcDbEntity
  8
Layer 1
370
     0
100
AcDbVertex
100
AcDb2dVertex
 10
14.03805881076389
 20
-13.30604383680556
 30
0.0
  0
VERTEX
  5
62
330
5F
100
AcDbEntity
  8
Layer 1
370
     0
100
AcDbVertex
100
AcDb2dVertex
 10
14.03805881076389
 20
-11.81993272569444
 30
0.0
  0
VERTEX
  5
63
330
5F
100
AcDbEntity
  8
Layer 1
370
     0
100
AcDbVertex
100
AcDb2dVertex
 10
9.425211588541666
 20
-11.81993272569444
 30
0.0
  0
VERTEX
  5
64
330
5F
100
AcDbEntity
  8
Layer 1
370
     0
100
AcDbVertex
100
AcDb2dVertex
 10
9.425211588541666
 20
-13.30604383680556
 30
0.0
  0
SEQEND
  5
65
330
5F
100
AcDbEntity
  8
Layer 1
370
     0
  0
HATCH
  5
66
330
54
100
AcDbEntity
  8
Layer 1
 62
   250
420
  2301728
100
AcDbHatch
 10
0.0
 20
0.0
 30
0.0
210
0.0
220
0.0
230
1.0
  2
SOLID
 70
     1
 71
     0
 91
        2
 92
        1
 93
        4
 72
     1
 10
14.05194769965278
 20
-13.31993272569444
 11
9.411322699652777
 21
-13.31993272569444
 72
     1
 10
9.411322699652777
 20
-13.31993272569444
 11
9.411322699652777
 21
-11.80604383680556
 72
     1
 10
9.411322699652777
 20
-11.80604383680556
 11
14.05194769965278
 21
-11.80604383680556
 72
     1
 10
14.05194769965278
 20
-11.80604383680556
 11
14.05194769965278
 21
-13.31993272569444
 97
        0
 92
        1
 93
        4
 72
     1
 10
9.425211588541666
 20
-13.30604383680556
 11
14.03805881076389
 21
-13.30604383680556
 72
     1
 10
14.03805881076389
 20
-13.30604383680556
 11
14.03805881076389
 21
-11.81993272569444
 72
     1
 10
14.03805881076389
 20
-11.81993272569444
 11
9.425211588541666
 21
-11.81993272569444
 72
     1
 10
9.425211588541666
 20
-11.81993272569444
 11
9.425211588541666
 21
-13.30604383680556
 97
        0
 75
     2
 76
     1
 98
        0
  0
ENDBLK
  5
57
330
54
100
AcDbEntity
  8
0
100
AcDbBlockEnd
  0
BLOCK
  5
69
330
67
100
AcDbEntity
  8
0
100
AcDbBlockBegin
  2
block 6
 70
     0
 71
     0
 10
0.0
 20
0.0
 30
0.0
  3
block 6
  1

  0
POLYLINE
  5
6B
330
67
100
AcDbEntity
  8
Layer 1
370
     0
100
AcDb2dPolyline
 66
     1
 10
0.0
 20
0.0
 30
0.0
  0
VERTEX
  5
6C
330
6B
100
AcDbEntity
  8
Layer 1
370
     0
100
AcDbVertex
100
AcDb2dVertex
 10
14.09709337022569
 20
-15.70084635416667
 30
0.0
  0
VERTEX
  5
6D
330
6B
100
AcDbEntity
  8
Layer 1
370
     0
100
AcDbVertex
100
AcDb2dVertex
 10
9.456468370225695
 20
-15.70084635416667
 30
0.0
  0
VERTEX
  5
6E
330
6B
100
AcDbEntity
  8
Layer 1
370
     0
100
AcDbVertex
100
AcDb2dVertex
 10
9.456468370225695
 20
-14.18695746527778
 30
0.0
  0
VERTEX
  5
6F
330
6B
100
AcDbEntity
  8
Layer 1
370
     0
100
AcDbVertex
100
AcDb2dVertex
 10
14.09709337022569
 20
-14.18695746527778
 30
0.0
  0
VERTEX
  5
70
330
6B
100
AcDbEntity
  8
Layer 1
370
     0
100
AcDbVertex
100
AcDb2dVertex
 10
14.09709337022569
 20
-15.70084635416667
 30
0.0
  0
SEQEND
  5
71
330
6B
100
AcDbEntity
  8
Layer 1
370
     0
  0
POLYLINE
  5
72
330
67
100
AcDbEntity
  8
Layer 1
370
     0
100
AcDb2dPolyline
 66
     1
 10
0.0
 20
0.0
 30
0.0
  0
VERTEX
  5
73
330
72
100
AcDbEntity
  8
Layer 1
370
     0
100
AcDbVertex
100
AcDb2dVertex
 10
9.470357259114582
 20
-15.68695746527778
 30
0.0
  0
VERTEX
  5
74
330
72
100
AcDbEntity
  8
Layer 1
370
     0
100
AcDbVertex
100
AcDb2dVertex
 10
14.08320448133681
 20
-15.68695746527778
 30
0.0
  0
VERTEX
  5
75
330
72
100
AcDbEntity
  8
Layer 1
370
     0
100
AcDbVertex
100
AcDb2dVertex
 10
14.08320448133681
 20
-14.20084635416667
 30
0.0
  0
VERTEX
  5
76
330
72
100
AcDbEntity
  8
Layer 1
370
     0
100
AcDbVertex
100
AcDb2dVertex
 10
9.470357259114582
 20
-14.20084635416667
 30
0.0
  0
VERTEX
  5
77
330
72
100
AcDbEntity
  8
Layer 1
370
     0
100
AcDbVertex
100
AcDb2dVertex
 10
9.470357259114582
 20
-15.68695746527778
 30
0.0
  0
SEQEND
  5
78
330
72
100
AcDbEntity
  8
Layer 1
370
     0
  0
HATCH
  5
79
330
67
100
AcDbEntity
  8
Layer 1
 62
   250
420
  2301728
100
AcDbHatch
 10
0.0
 20
0.0
 30
0.0
210
0.0
220
0.0
230
1.0
  2
SOLID
 70
     1
 71
     0
 91
        2
 92
        1
 93
        4
 72
     1
 10
14.09709337022569
 20
-15.70084635416667
 11
9.456468370225695
 21
-15.70084635416667
 72
     1
 10
9.456468370225695
 20
-15.70084635416667
 11
9.456468370225695
 21
-14.18695746527778
 72
     1
 10
9.456468370225695
 20
-14.18695746527778
 11
14.09709337022569
 21
-14.18695746527778
 72
     1
 10
14.09709337022569
 20
-14.18695746527778
 11
14.09709337022569
 21
-15.70084635416667
 97
        0
 92
        1
 93
        4
 72
     1
 10
9.470357259114582
 20
-15.68695746527778
 11
14.08320448133681
 21
-15.68695746527778
 72
     1
 10
14.08320448133681
 20
-15.68695746527778
 11
14.08320448133681
 21
-14.20084635416667
 72
     1
 10
14.08320448133681
 20
-14.20084635416667
 11
9.470357259114582
 21
-14.20084635416667
 72
     1
 10
9.470357259114582
 20
-14.20084635416667
 11
9.470357259114582
 21
-15.68695746527778
 97
        0
 75
     2
 76
     1
 98
        0
  0
ENDBLK
  5
6A
330
67
100
AcDbEntity
  8
0
100
AcDbBlockEnd
  0
ENDSEC
  0
SECTION
  2
ENTITIES
  0
INSERT
  5
3D
330
1F
100
AcDbEntity
  8
Layer 1
100
AcDbBlockReference
  2
block 2
 10
0.0
 20
0.0
 30
0.0
  0
INSERT
  5
44
330
1F
100
AcDbEntity
  8
Layer 1
100
AcDbBlockReference
  2
block 3
 10
0.0
 20
0.0
 30
0.0
  0
INSERT
  5
4B
330
1F
100
AcDbEntity
  8
Layer 1
100
AcDbBlockReference
  2
block 4
 10
0.0
 20
0.0
 30
0.0
  0
POLYLINE
  5
51
330
1F
100
AcDbEntity
  8
Layer 1
 62
    18
420
        0
370
    35
100
AcDb2dPolyline
 66
     1
 10
0.0
 20
0.0
 30
0.0
  0
VERTEX
  5
52
330
51
100
AcDbEntity
  8
Layer 1
 62
    18
420
        0
370
    35
100
AcDbVertex
100
AcDb2dVertex
 10
14.49073621961806
 20
-2.943806966145833
 30
0.0
  0
VERTEX
  5
7A
330
51
100
AcDbEntity
  8
0
100
AcDbVertex
100
AcDb2dVertex
 10
14.49073621961806
 20
-2.943806966145833
 30
0.0
  0
SEQEND
  5
53
330
51
100
AcDbEntity
  8
Layer 1
370
    35
  0
INSERT
  5
55
330
1F
100
AcDbEntity
  8
Layer 1
100
AcDbBlockReference
  2
block 5
 10
0.0
 20
0.0
 30
0.0
  0
INSERT
  5
68
330
1F
100
AcDbEntity
  8
Layer 1
100
AcDbBlockReference
  2
block 6
 10
0.0
 20
0.0
 30
0.0
  0
ENDSEC
  0
SECTION
  2
OBJECTS
  0
DICTIONARY
  5
C
330
0
100
AcDbDictionary
281
     1
  3
ACAD_GROUP
350
D
  3
ACAD_LAYOUT
350
1A
  3
ACAD_MLINESTYLE
350
17
  3
ACAD_PLOTSETTINGS
350
19
  3
ACAD_PLOTSTYLENAME
350
E
  3
ACAD_TABLESTYLE
350
7B
  3
ACAD_VISUALSTYLE
350
2A
  0
DICTIONARY
  5
D
102
{ACAD_REACTORS
330
C
102
}
330
C
100
AcDbDictionary
281
     1
  0
DICTIONARY
  5
1A
102
{ACAD_REACTORS
330
C
102
}
330
C
100
AcDbDictionary
281
     1
  3
Layout1
350
1E
  3
Layout2
350
26
  3
Model
350
22
  0
DICTIONARY
  5
17
102
{ACAD_REACTORS
330
C
102
}
330
C
100
AcDbDictionary
281
     1
  3
Standard
350
18
  0
DICTIONARY
  5
19
102
{ACAD_REACTORS
330
C
102
}
330
C
100
AcDbDictionary
281
     1
  0
ACDBDICTIONARYWDFLT
  5
E
102
{ACAD_REACTORS
330
C
102
}
330
C
100
AcDbDictionary
281
     1
  3
Normal
350
F
100
AcDbDictionaryWithDefault
340
F
  0
DICTIONARY
  5
7B
102
{ACAD_REACTORS
330
C
102
}
330
C
100
AcDbDictionary
281
     1
  0
DICTIONARY
  5
2A
102
{ACAD_REACTORS
330
C
102
}
330
C
100
AcDbDictionary
281
     1
  3
2dWireframe
350
2F
  3
3D Hidden
350
31
  3
3dWireframe
350
30
  3
Basic
350
32
  3
Brighten
350
36
  3
ColorChange
350
3A
  3
Conceptual
350
34
  3
Dim
350
35
  3
Facepattern
350
39
  3
Flat
350
2B
  3
FlatWithEdges
350
2C
  3
Gouraud
350
2D
  3
GouraudWithEdges
350
2E
  3
Linepattern
350
38
  3
Realistic
350
33
  3
Thicken
350
37
  0
LAYOUT
  5
1E
102
{ACAD_REACTORS
330
1A
102
}
330
1A
100
AcDbPlotSettings
  1

  2
none_device
  4

  6

 40
0.0
 41
0.0
 42
0.0
 43
0.0
 44
0.0
 45
0.0
 46
0.0
 47
0.0
 48
0.0
 49
0.0
140
0.0
141
0.0
142
1.0
143
1.0
 70
   688
 72
     0
 73
     0
 74
     5
  7

 75
    16
 76
     0
 77
     2
 78
   300
147
1.0
148
0.0
149
0.0
100
AcDbLayout
  1
Layout1
 70
     1
 71
     1
 10
0.0
 20
0.0
 11
12.0
 21
9.0
 12
0.0
 22
0.0
 32
0.0
 14
1.000000000000000E+20
 24
1.000000000000000E+20
 34
1.000000000000000E+20
 15
-1.000000000000000E+20
 25
-1.000000000000000E+20
 35
-1.000000000000000E+20
146
0.0
 13
0.0
 23
0.0
 33
0.0
 16
1.0
 26
0.0
 36
0.0
 17
0.0
 27
1.0
 37
0.0
 76
     0
330
1B
  0
LAYOUT
  5
26
102
{ACAD_REACTORS
330
1A
102
}
330
1A
100
AcDbPlotSettings
  1

  2
none_device
  4

  6

 40
0.0
 41
0.0
 42
0.0
 43
0.0
 44
0.0
 45
0.0
 46
0.0
 47
0.0
 48
0.0
 49
0.0
140
0.0
141
0.0
142
1.0
143
1.0
 70
   688
 72
     0
 73
     0
 74
     5
  7

 75
    16
 76
     0
 77
     2
 78
   300
147
1.0
148
0.0
149
0.0
100
AcDbLayout
  1
Layout2
 70
     1
 71
     2
 10
0.0
 20
0.0
 11
0.0
 21
0.0
 12
0.0
 22
0.0
 32
0.0
 14
0.0
 24
0.0
 34
0.0
 15
0.0
 25
0.0
 35
0.0
146
0.0
 13
0.0
 23
0.0
 33
0.0
 16
1.0
 26
0.0
 36
0.0
 17
0.0
 27
1.0
 37
0.0
 76
     0
330
23
  0
LAYOUT
  5
22
102
{ACAD_REACTORS
330
1A
102
}
330
1A
100
AcDbPlotSettings
  1

  2
none_device
  4

  6

 40
0.0
 41
0.0
 42
0.0
 43
0.0
 44
0.0
 45
0.0
 46
0.0
 47
0.0
 48
0.0
 49
0.0
140
0.0
141
0.0
142
1.0
143
1.0
 70
  1712
 72
     0
 73
     0
 74
     0
  7

 75
     0
 76
     0
 77
     2
 78
   300
147
1.0
148
0.0
149
0.0
100
AcDbLayout
  1
Model
 70
     1
 71
     0
 10
0.0
 20
0.0
 11
12.0
 21
9.0
 12
0.0
 22
0.0
 32
0.0
 14
1.000000000000000E+20
 24
1.000000000000000E+20
 34
1.000000000000000E+20
 15
-1.000000000000000E+20
 25
-1.000000000000000E+20
 35
-1.000000000000000E+20
146
0.0
 13
0.0
 23
0.0
 33
0.0
 16
1.0
 26
0.0
 36
0.0
 17
0.0
 27
1.0
 37
0.0
 76
     0
330
1F
331
29
  0
MLINESTYLE
  5
18
102
{ACAD_REACTORS
330
17
102
}
330
17
100
AcDbMlineStyle
  2
Standard
 70
     0
  3

 62
   256
 51
90.0
 52
90.0
 71
     2
 49
0.5
 62
   256
  6
BYLAYER
 49
-0.5
 62
   256
  6
BYLAYER
  0
ACDBPLACEHOLDER
  5
F
102
{ACAD_REACTORS
330
E
102
}
330
E
  0
VISUALSTYLE
  5
2F
102
{ACAD_REACTORS
330
2A
102
}
330
2A
100
AcDbVisualStyle
  2
2dWireframe
 70
     4
 71
     0
 72
     2
 73
     0
 90
        0
 40
-0.6
 41
-30.0
 62
     5
 63
     7
421
 16777215
 74
     1
 91
        4
 64
     7
 65
   257
 75
     1
175
     1
 42
1.0
 92
        0
 66
   257
 43
1.0
 76
     1
 77
     6
 78
     2
 67
     7
 79
     5
170
     0
171
     0
290
     0
174
     0
 93
        1
 44
0.0
173
     0
291
     0
 45
0.0
1001
ACAD
1000
AcDbSavedByObjectVersion
1070
     0
  0
VISUALSTYLE
  5
31
102
{ACAD_REACTORS
330
2A
102
}
330
2A
100
AcDbVisualStyle
  2
3D Hidden
 70
     6
 71
     1
 72
     2
 73
     2
 90
        0
 40
-0.6
 41
-30.0
 62
     5
 63
     7
421
 16777215
 74
     2
 91
        2
 64
     7
 65
   257
 75
     2
175
     1
 42
40.0
 92
        0
 66
   257
 43
1.0
 76
     1
 77
     6
 78
     2
 67
     7
 79
     3
170
     0
171
     0
290
     0
174
     0
 93
        1
 44
0.0
173
     0
291
     0
 45
0.0
1001
ACAD
1000
AcDbSavedByObjectVersion
1070
     0
  0
VISUALSTYLE
  5
30
102
{ACAD_REACTORS
330
2A
102
}
330
2A
100
AcDbVisualStyle
  2
3dWireframe
 70
     5
 71
     0
 72
     2
 73
     0
 90
        0
 40
-0.6
 41
-30.0
 62
     5
 63
     7
421
 16777215
 74
     1
 91
        4
 64
     7
 65
   257
 75
     1
175
     1
 42
1.0
 92
        0
 66
   257
 43
1.0
 76
     1
 77
     6
 78
     2
 67
     7
 79
     5
170
     0
171
     0
290
     0
174
     0
 93
        1
 44
0.0
173
     0
291
     0
 45
0.0
1001
ACAD
1000
AcDbSavedByObjectVersion
1070
     0
  0
VISUALSTYLE
  5
32
102
{ACAD_REACTORS
330
2A
102
}
330
2A
100
AcDbVisualStyle
  2
Basic
 70
     7
 71
     1
 72
     0
 73
     1
 90
        0
 40
-0.6
 41
-30.0
 62
     5
 63
     7
421
 16777215
 74
     0
 91
        4
 64
     7
 65
   257
 75
     1
175
     1
 42
1.0
 92
        8
 66
     7
 43
1.0
 76
     1
 77
     6
 78
     2
 67
     7
 79
     5
170
     0
171
     0
290
     0
174
     0
 93
        1
 44
0.0
173
     0
291
     1
 45
0.0
1001
ACAD
1000
AcDbSavedByObjectVersion
1070
     0
  0
VISUALSTYLE
  5
36
102
{ACAD_REACTORS
330
2A
102
}
330
2A
100
AcDbVisualStyle
  2
Brighten
 70
    12
 71
     2
 72
     2
 73
     0
 90
        0
 40
-0.6
 41
-30.0
 62
     5
 63
     7
421
 16777215
 74
     1
 91
        4
 64
     7
 65
   257
 75
     1
175
     1
 42
1.0
 92
        8
 66
     7
 43
1.0
 76
     1
 77
     6
 78
     2
 67
     7
 79
     5
170
     0
171
     0
290
     0
174
     0
 93
        1
 44
50.0
173
     0
291
     1
 45
0.0
1001
ACAD
1000
AcDbSavedByObjectVersion
1070
     0
  0
VISUALSTYLE
  5
3A
102
{ACAD_REACTORS
330
2A
102
}
330
2A
100
AcDbVisualStyle
  2
ColorChange
 70
    16
 71
     2
 72
     2
 73
     3
 90
        0
 40
-0.6
 41
-30.0
 62
     5
 63
     8
421
  8421504
 74
     1
 91
        4
 64
     7
 65
   257
 75
     1
175
     1
 42
1.0
 92
        8
 66
     8
424
  8421504
 43
1.0
 76
     1
 77
     6
 78
     2
 67
     7
 79
     5
170
     0
171
     0
290
     0
174
     0
 93
        1
 44
0.0
173
     0
291
     1
 45
0.0
1001
ACAD
1000
AcDbSavedByObjectVersion
1070
     0
  0
VISUALSTYLE
  5
34
102
{ACAD_REACTORS
330
2A
102
}
330
2A
100
AcDbVisualStyle
  2
Conceptual
 70
     9
 71
     3
 72
     2
 73
     0
 90
        0
 40
-0.6
 41
-30.0
 62
     5
 63
     7
421
 16777215
 74
     2
 91
        2
 64
     7
 65
   257
 75
     1
175
     1
 42
40.0
 92
        8
 66
     7
 43
1.0
 76
     1
 77
     6
 78
     2
 67
     7
 79
     3
170
     0
171
     0
290
     0
174
     0
 93
        1
 44
0.0
173
     0
291
     0
 45
0.0
1001
ACAD
1000
AcDbSavedByObjectVersion
1070
     0
  0
VISUALSTYLE
  5
35
102
{ACAD_REACTORS
330
2A
102
}
330
2A
100
AcDbVisualStyle
  2
Dim
 70
    11
 71
     2
 72
     2
 73
     0
 90
        0
 40
-0.6
 41
-30.0
 62
     5
 63
     7
421
 16777215
 74
     1
 91
        4
 64
     7
 65
   257
 75
     1
175
     1
 42
1.0
 92
        8
 66
     7
 43
1.0
 76
     1
 77
     6
 78
     2
 67
     7
 79
     5
170
     0
171
     0
290
     0
174
     0
 93
        1
 44
-50.0
173
     0
291
     1
 45
0.0
1001
ACAD
1000
AcDbSavedByObjectVersion
1070
     0
  0
VISUALSTYLE
  5
39
102
{ACAD_REACTORS
330
2A
102
}
330
2A
100
AcDbVisualStyle
  2
Facepattern
 70
    15
 71
     2
 72
     2
 73
     0
 90
        0
 40
-0.6
 41
-30.0
 62
     5
 63
     7
421
 16777215
 74
     1
 91
        4
 64
     7
 65
   257
 75
     1
175
     1
 42
1.0
 92
        8
 66
     7
 43
1.0
 76
     1
 77
     6
 78
     2
 67
     7
 79
     5
170
     0
171
     0
290
     0
174
     0
 93
        1
 44
0.0
173
     0
291
     1
 45
0.0
1001
ACAD
1000
AcDbSavedByObjectVersion
1070
     0
  0
VISUALSTYLE
  5
2B
102
{ACAD_REACTORS
330
2A
102
}
330
2A
100
AcDbVisualStyle
  2
Flat
 70
     0
 71
     2
 72
     1
 73
     1
 90
        2
 40
-0.6
 41
30.0
 62
     5
 63
     7
421
 16777215
 74
     0
 91
        4
 64
     7
 65
   257
 75
     1
175
     1
 42
1.0
 92
        8
 66
     7
 43
1.0
 76
     1
 77
     6
 78
     2
 67
     7
 79
     5
170
     0
171
     0
290
     0
174
     0
 93
       13
 44
0.0
173
     0
291
     1
 45
0.0
1001
ACAD
1000
AcDbSavedByObjectVersion
1070
     0
  0
VISUALSTYLE
  5
2C
102
{ACAD_REACTORS
330
2A
102
}
330
2A
100
AcDbVisualStyle
  2
FlatWithEdges
 70
     1
 71
     2
 72
     1
 73
     1
 90
        2
 40
-0.6
 41
30.0
 62
     5
 63
     7
421
 16777215
 74
     1
 91
        4
 64
     7
 65
   257
 75
     1
175
     1
 42
1.0
 92
        0
 66
   257
 43
1.0
 76
     1
 77
     6
 78
     2
 67
     7
 79
     5
170
     0
171
     0
290
     0
174
     0
 93
       13
 44
0.0
173
     0
291
     1
 45
0.0
1001
ACAD
1000
AcDbSavedByObjectVersion
1070
     0
  0
VISUALSTYLE
  5
2D
102
{ACAD_REACTORS
330
2A
102
}
330
2A
100
AcDbVisualStyle
  2
Gouraud
 70
     2
 71
     2
 72
     2
 73
     1
 90
        2
 40
-0.6
 41
30.0
 62
     5
 63
     7
421
 16777215
 74
     0
 91
        4
 64
     7
 65
   257
 75
     1
175
     1
 42
1.0
 92
        0
 66
     7
 43
1.0
 76
     1
 77
     6
 78
     2
 67
     7
 79
     5
170
     0
171
     0
290
     0
174
     0
 93
       13
 44
0.0
173
     0
291
     1
 45
0.0
1001
ACAD
1000
AcDbSavedByObjectVersion
1070
     0
  0
VISUALSTYLE
  5
2E
102
{ACAD_REACTORS
330
2A
102
}
330
2A
100
AcDbVisualStyle
  2
GouraudWithEdges
 70
     3
 71
     2
 72
     2
 73
     1
 90
        2
 40
-0.6
 41
30.0
 62
     5
 63
     7
421
 16777215
 74
     1
 91
        4
 64
     7
 65
   257
 75
     1
175
     1
 42
1.0
 92
        0
 66
   257
 43
1.0
 76
     1
 77
     6
 78
     2
 67
     7
 79
     5
170
     0
171
     0
290
     0
174
     0
 93
       13
 44
0.0
173
     0
291
     1
 45
0.0
1001
ACAD
1000
AcDbSavedByObjectVersion
1070
     0
  0
VISUALSTYLE
  5
38
102
{ACAD_REACTORS
330
2A
102
}
330
2A
100
AcDbVisualStyle
  2
Linepattern
 70
    14
 71
     2
 72
     2
 73
     0
 90
        0
 40
-0.6
 41
-30.0
 62
     5
 63
     7
421
 16777215
 74
     1
 91
        4
 64
     7
 65
   257
 75
     7
175
     7
 42
1.0
 92
        8
 66
     7
 43
1.0
 76
     1
 77
     6
 78
     2
 67
     7
 79
     5
170
     0
171
     0
290
     0
174
     0
 93
        1
 44
0.0
173
     0
291
     1
 45
0.0
1001
ACAD
1000
AcDbSavedByObjectVersion
1070
     0
  0
VISUALSTYLE
  5
33
102
{ACAD_REACTORS
330
2A
102
}
330
2A
100
AcDbVisualStyle
  2
Realistic
 70
     8
 71
     2
 72
     2
 73
     0
 90
        0
 40
-0.6
 41
-30.0
 62
     5
 63
     7
421
 16777215
 74
     1
 91
        0
 64
     7
 65
   257
 75
     1
175
     1
 42
1.0
 92
        8
 66
     8
424
  7895160
 43
1.0
 76
     1
 77
     6
 78
     2
 67
     7
 79
     5
170
     0
171
     0
290
     0
174
     0
 93
       13
 44
0.0
173
     0
291
     0
 45
0.0
1001
ACAD
1000
AcDbSavedByObjectVersion
1070
     0
  0
VISUALSTYLE
  5
37
102
{ACAD_REACTORS
330
2A
102
}
330
2A
100
AcDbVisualStyle
  2
Thicken
 70
    13
 71
     2
 72
     2
 73
     0
 90
        0
 40
-0.6
 41
-30.0
 62
     5
 63
     7
421
 16777215
 74
     1
 91
        4
 64
     7
 65
   257
 75
     1
175
     1
 42
1.0
 92
       12
 66
     7
 43
1.0
 76
     1
 77
     6
 78
     2
 67
     7
 79
     5
170
     0
171
     0
290
     0
174
     0
 93
        1
 44
0.0
173
     0
291
     1
 45
0.0
1001
ACAD
1000
AcDbSavedByObjectVersion
1070
     0
  0
ENDSEC
  0
EOF
